PERMX
     252.5447     227.3579     202.9650     179.8384     158.4680
     139.3607     123.0457     110.0735     101.0149      96.4574
      96.9887     103.1688     115.4924     134.3344     159.8588
     191.9030     229.8634     272.6441     318.7154     366.2720
     413.4365     458.4552     499.8253     536.3713     567.2642
     592.0162     610.4512     622.6665     628.9902     629.9387
     626.1757     618.4813     607.7589     595.0178     581.3361
     567.8149     555.5026     545.3499     538.2009     534.7865
     535.7156     541.4741     552.4230     568.7924     590.6667
     617.9588     650.3758     687.3835     728.1925     771.7893
     816.9951     862.5397     907.1215     949.4578     988.3252
    1022.6046    1051.3461    1073.8024    1089.4365    1097.9048
    1099.0140    1092.7012    1079.0253    1058.1660    1030.4315
     996.2603     956.2401     911.1499     861.9892     809.9740
     756.4761     702.9355     650.7538     601.1960     555.3194
     513.9353     477.6016     446.6378     421.1500     401.0689
     386.1803     249.1144     224.2969     200.3680     177.7921
     157.0519     138.6487     123.1088     110.9824     102.8464
      99.3020     100.9622     108.4296     122.2720     142.9738
     170.8344     205.8071     247.3050     294.0846     344.3241
     395.8717     446.5440     494.3684     537.7228     575.3970
     606.5884     630.8795     648.1918     658.7363     662.9616
     661.5062     655.1526     644.7997     631.4690     616.2701
     600.3552     584.8737     570.9008     559.4062     551.2474
     547.1613     547.7598     553.5307     564.8368     581.9175
     604.8768     633.6535     667.9701     707.2697     750.6858
     797.0889     845.1630     893.4998     940.6697     985.2767
    1026.0011    1061.6445    1091.1963    1113.8691    1129.1075
    1136.5757    1136.1082    1127.6732    1111.3558    1087.3486
    1055.9611    1017.6357     972.9744     922.7963     868.1951
     810.5577     751.4858     692.6639     635.7068     582.0358
     532.7950     488.8175     450.6317     418.4935     392.4268
     372.2752     357.7405     248.5822     224.4216     201.2469
     179.5147     159.7005     142.2995     127.8323     116.8451
     109.9124     107.6376     110.6397     119.5435     134.9713
     157.5124     187.6325     225.4746     270.5328     321.3929
     375.8450     431.3081     485.2654     535.5440     580.4340
     618.7238     649.6709     672.9575     688.6270     697.0208
     698.7204     694.4936     685.2473     671.9976     655.8600
     638.0173     619.6866     602.0630     586.2490     573.2341
     563.8853     558.9413     559.0165     564.6041     576.0755
     593.6785     617.5324     647.6074     683.6628     725.1464
     771.1194     820.3093     871.2387     922.3501     972.0800
    1018.9127    1061.4219    1098.3143    1128.5057    1151.1691
    1165.7441    1171.9225    1169.5905    1158.7731    1139.6047
    1112.3082    1077.1958    1034.6935     985.3851     930.0999
     870.0060     806.6682     741.9575     677.8624     616.2665
     558.7635     506.5644     460.4870     420.9880     388.2203
     362.0935     342.3394     328.5592     250.9838     227.7552
     205.6155     185.0153     166.4248     150.3341     137.2584
     127.7380     122.3415     121.6621     126.3086     136.9041
     154.0901     178.5233     210.8288     251.4225     300.0067
     354.9633     413.5412     472.6592     529.4866     581.6895
     627.5110     665.7787     695.8472     717.5276     731.0054
     736.7654     735.5275     728.1902     715.7669     699.3566
     680.1540     659.4169     638.4290     618.4291     600.5489
     585.7968     575.0544     569.0750     568.4815     573.7673
     585.2986     603.3174     627.9432     659.1675     696.8202
     740.4087     788.9056     840.8508     894.5941     948.4327
    1000.6667    1049.6384    1093.7874    1131.7108    1162.2510
    1184.5526    1198.0707    1202.5518    1197.9688    1184.4395
    1162.1752    1131.4458    1092.5696    1045.9365     992.0699
     931.7568     866.2161     797.2166     726.9681     657.8231
     591.9517     531.1218     476.5958     429.1266     389.0443
     356.3532     330.8151     312.0282     299.4805     256.2659
     234.2214     213.3761     194.1777     177.0943     162.6138
     151.2491     143.5375     140.0397     141.3356     148.0170
     160.6883     179.9753     206.5398     241.0822     284.2920
     336.3022     395.2266     457.5728     519.7953     578.8208
     632.2045     678.1860     715.6746     744.1588     763.6039
     774.3488     777.0234     772.4769     761.6996     745.7777
     725.8906     703.3154     679.3889     655.4612     632.8163
     612.6249     595.9334     583.6495     576.5380     575.2209
     580.1804     591.7648     610.1940     635.5668     667.8802
     707.0361     752.6698     803.6264     858.2233     914.6625
     971.0996    1025.6783    1076.5841    1122.1097    1160.7325
    1191.2180    1212.6942    1224.6641    1226.9674    1219.6963
    1203.0876    1177.4539    1143.1340    1100.4685    1049.8076
     991.5731     926.4287     855.5837     781.0504     705.4970
     631.7437     562.2692     498.9493     443.0097     395.0899
     355.3443     323.5822     299.3887     282.2138     271.4269
     264.2855     243.6421     224.3150     206.7522     191.4236
     178.8197     169.4561     163.8713     162.6219     166.2798
     175.4257     190.6497     212.5573     241.7801     278.9839
     324.8914     380.0989     442.4009     507.6598     572.0614
     632.3488     685.9822     731.2230     767.1009     793.2741
     809.8805     817.4119     816.6148     808.4074     793.8412
     774.0745     750.3698     724.0912     696.6579     669.4952
     643.9575     621.2755     602.5312     588.6497     580.3972
     578.3851     583.0764     594.7927     613.7239     639.9488
     673.4570     714.1495     761.7259     814.9200     871.9075
     930.7653     989.5090    1046.1288    1098.6448    1145.1849
    1184.0865    1214.0383    1234.1732    1244.0704    1243.6931
    1233.2776    1213.2018    1183.8982    1145.7975    1099.2916
    1044.7194     982.3922     912.7536     836.8711     757.0516
     676.6199     598.9775     526.8975     462.2779     406.1806
     359.0081     320.6869     290.8155     268.7880     253.9029
     245.4163     274.8163     255.7440     238.1080     222.3600
     208.9751     198.4510     191.3115     188.0997     189.3750
     195.7134     207.7016     225.9309     250.9985     283.5132
     324.0900     373.3100     431.1964     495.5586     562.4519
     627.8809     688.3683     741.2449     784.8079     818.2572
     841.4595     854.7305     858.6709     854.0686     841.8746
     823.1898     799.2429     771.3848     741.0754     709.8430
     679.2222     650.6478     625.4008     604.5887     589.1423
     579.8180     577.2065     581.7423     593.7144     613.2895
     640.5370     675.4272     717.7920     767.1163     822.1531
     881.0970     941.9302    1002.5432    1060.7795    1114.4884
    1161.6173    1200.3508    1229.2878    1247.5702    1254.8810
    1251.3408    1237.3533    1213.4464    1180.1763    1138.0731
    1087.6063    1029.1587     963.0047     889.3434     808.8523
     724.1998     639.6682     559.2787     485.9991     421.6117
     366.8830     321.8666     286.1852     259.2119     240.1733
     228.2334     222.5511     287.5563     270.1669     254.3299
     240.5030     229.1690     220.8361     216.0376     215.3253
     219.2715     228.4672     243.5097     264.9922     293.4970
     329.5815     373.7177     426.1037     486.1219     551.6180
     619.0729     684.5132     744.2487     795.4444     836.4812
     866.8209     886.5782     896.1967     896.2941     887.6497
     871.2205     848.1456     819.7266     787.4191     752.8260
     717.6198     683.4461     651.8124     624.0383     601.2433
     584.3491     574.0887     571.0189     575.5341     587.8895
     608.2333     636.6075     672.9221     716.8669     767.7274
     824.2331     884.6361     946.9006    1008.8366    1068.1663
    1122.5920    1169.8861    1208.0403    1235.5221    1251.4841
    1255.7582    1248.6649    1230.7887    1202.7981    1165.3514
    1119.0590    1064.4604    1002.0098     932.0538     854.7787
     770.3418     681.8384     594.6302     513.1841     440.5377
     378.2096     326.5336     285.1366     253.3056     230.1914
     214.8849     206.4572     203.9968     302.1458     286.4839
     272.4780     260.5918     251.3166     245.1706     242.6984
     244.4670     251.0632     263.0875     281.1371     305.7877
     337.5696     376.9237     424.0865     478.8752     540.3098
     606.2627     673.5195     738.2348     796.5237     845.3184
     883.1980     910.0354     926.1675     932.0541     928.2554
     915.4903     894.6939     867.0411     833.9373     797.0052
     758.0237     718.8159     681.1351     646.5500     616.4041
     591.8112     573.6663     562.6615     559.3036     563.9379
     576.7888     597.9714     627.4753     665.1032     710.3723
     762.4219     819.9496     881.2483     944.3016    1006.8979
    1066.7097    1121.3423    1168.3959    1205.6205    1231.2787
    1244.5409    1245.4661    1234.6222    1212.7667    1180.6738
    1139.0653    1088.5925    1029.8289     963.2676     889.3203
     808.3260     721.0107     630.7218     542.9327     462.5223
     392.6020     334.2696     287.2844     250.8206     223.8662
     205.3880     194.3829     189.8772     190.9248     318.1826
     304.2207     291.9952     281.9743     274.6560     270.5706
     270.2764     274.3513     283.3866     297.9776     318.7008
     346.0836     380.5627     422.4168     471.6445     527.7868
     589.6703     655.2162     721.4561     784.7547     841.1110
     887.0358     921.5155     944.9111     957.6196     960.0091
     952.5108     935.7343     910.5729     878.2722     840.4194
     798.8498     755.5371     712.4579     671.4661     634.1762
     601.9352     575.8303     556.7082     545.2000     541.7476
     546.6486     560.0879     582.1298     612.6664     651.3511
     697.5526     750.3051     808.2751     869.7847     932.8619
     995.3380    1054.9023    1109.1283    1155.4984    1191.5006
    1215.0654    1225.3976    1222.9161    1208.4478    1182.8718
    1147.0182    1101.6357    1047.3931     984.8849     914.6507
     837.2322     753.3701     664.6441     574.5226     488.1602
     410.7899     345.6031     292.9662     251.9433     221.3298
     199.9141     186.5471     180.1640     179.7762     184.4424
     335.2470     322.8849     312.3058     303.9798     298.4150
     296.1538     297.7605     303.8131     314.8939     331.5744
     354.3872     383.7837     420.0801     463.3863     513.5052
     569.7863     630.9490     694.9686     759.0773     819.8957
     873.6040     916.6021     948.1505     968.7075     978.5805
     977.9953     967.2145     946.7014     917.3211     880.4622
     837.9548     791.8943     744.4738     697.8220     653.8755
     614.2724     580.3380     553.1061     533.3520     521.6262
     518.3016     523.6262     537.7314     560.5851     591.9388
     631.3063     677.9367     730.7846     788.4914     849.4098
     911.6471     973.1102    1031.5415    1084.5426    1129.5844
    1164.0251    1185.3442    1192.8103    1187.2992    1169.7760
    1141.1631    1102.3132    1053.9965     996.9134     931.7189
     859.0762     779.7802     695.0328     606.9114     518.8772
     435.7387     363.0223     304.0771     258.0854     223.5710
     199.1327     183.4544     175.3165     173.6060     177.3185
     185.5258     352.9207     341.9891     332.8451     325.9647
     321.8659     321.0938     324.2091     331.7783     344.3599
     362.4848     386.6232     417.1341     454.2062     497.8040
     547.5797     602.7504     661.9768     723.2873     784.0806
     841.2360     891.3795     931.7053     961.1099     979.6115
     987.3582     984.4246     970.8838     947.0340     913.7255
     872.5351     825.6171     775.3820     724.2567     674.5106
     628.1353     586.7592     551.6547     523.7743     503.7974
     492.1821     489.2352     495.1453     509.9467     533.4675
     565.3232     604.9075     651.3734     703.6156     760.2678
     819.7405     880.2268     939.7198     996.0296    1046.8088
    1089.5667    1121.6991    1140.7747    1146.0726    1138.4354
    1118.8486    1088.2617    1047.5604     997.5623     939.0416
     872.7732     799.6158     720.6644     637.4995     552.4825
     469.0199     391.5428     325.0834     272.5785     233.0221
     204.7634     186.2680     176.1202     173.0227     175.8043
     183.4232     194.9517     370.8120     361.0825     353.1051
     347.3619     344.3721     344.6744     348.8165     357.3424
     370.7751     389.5931     414.1940     444.8405     481.6084
     524.3512     572.6115     625.5262     681.7413     739.3679
     796.0078     848.9025     895.2647     932.8052     960.2216
     977.0439     983.1160     978.3096     962.5057     935.7996
     898.9432     853.7603     802.8403     748.9453     694.7213
     642.5471     594.4353     551.9674     516.3256     488.3516
     468.6096     457.4662     455.1596     461.7816     477.2245
     501.1799     533.1425     572.4050     618.0464     668.9287
     723.7186     780.8973     838.7452     895.3491     948.6064
     996.2480    1035.8827    1065.1293    1082.0608    1085.9443
    1077.2029    1056.7053    1025.4030     984.2243     934.0600
     875.7946     810.3632     738.8465     662.6165     583.5298
     504.0984     427.6089     357.9853     299.0760     253.0032
     219.4410     196.9553     183.9580     178.9418     180.5247
     187.4678     198.6802     213.2138     388.5719     379.7777
     372.6606     367.7022     365.4141     366.3210     370.9494
     379.8127     393.3914     412.1061     436.2807     466.0906
     501.5291     542.3723     588.0969     637.8098     690.1924
     743.4867     795.5472     844.0089     886.5300     921.0989
     946.3178     961.3781     965.8093     959.2813     941.5496
     912.4655     872.4933     823.8108     769.5402     712.7482
     656.2484     602.4937     553.4844     510.7191     475.2520
     447.7850     428.7590     418.4548     417.0162     424.3918
     440.3338     464.4115     496.0167     534.3622     578.4806
     627.2508     679.3992     733.4896     787.9025     840.8379
     890.3207     934.2277     970.3711     996.7018    1011.6638
    1014.5451    1005.4774     985.1148     954.3400     914.0977
     865.3499     809.0991     746.4434     678.6636     607.3416
     534.4908     462.6237     394.7451     334.0933     283.5021
     244.5314     217.1573     200.3090     192.5241     192.2926
     198.1880     208.9208     223.3577     240.5247     405.9215
     397.7760     391.1900     386.6376     384.6157     385.6287
     390.1766     398.7379     411.7480     429.5713     452.4644
     480.5376     513.7348     551.7893     594.1549     639.9562
     687.9559     736.5632     783.8988     827.9205     866.5634
     897.9707     920.6802     933.6472     936.1444     927.6965
     907.9932     876.8051     834.2823     782.9781     726.3607
     667.6873     609.9139     555.5589     506.5883     464.3813
     429.8278     403.4656     385.6170     376.4692     376.0267
     384.0952     400.3026     424.1129     454.8344     491.6246
     533.5203     579.4540     628.2328     678.5245     728.8370
     777.5196     822.7697     862.6681     895.2791     918.8612
     932.1129     934.3615     925.5788     906.2334     877.0999
     839.1058     793.2618     740.6672     682.5519     620.3420
     555.7413     490.7991     427.8966     369.6558     318.6638
     277.0149     245.8428     225.1778     214.1942     211.6097
     215.9925     225.9326     240.1292     257.4315     276.8529
     422.6607     414.8709     408.4797     403.9469     401.7495
     402.3677     406.2722     413.9059     425.6620     441.8551
     462.6887     488.2380     518.4274     552.9819     591.3727
     632.7816     676.0856     719.8749     762.5100     802.1611
     836.9311     865.0426     884.9706     895.4922     895.7088
     885.0228     863.0588     829.6753     785.4830     732.8203
     675.0639     615.6258     557.6338     503.6927     455.7133
     414.9056     381.9544     357.2244     340.9262     333.1198
     333.6671     342.2504     358.3911     381.4656     410.7188
     445.2959     484.2816     526.6878     571.4313     617.3187
     663.0189     707.0604     747.8425     783.6757     812.8800
     833.9706     845.8330     847.8423     839.8883     822.3102
     795.7761     761.1683     719.5184     671.9884     619.8910
     564.7307     508.2459     452.4263     399.4440     351.5255
     310.7089     278.5330     255.7748     242.3939     237.6752
     240.4793     249.4794     263.3258     280.7475     300.6082
     321.9325     438.6747     430.9548     424.4300     419.5409
     416.7412     416.4847     419.2128     425.3357     435.2104
     449.1128     467.2145     489.5847     516.1559     546.6777
     580.6721     617.4084     655.8951     694.9030     732.9703
     768.3970     799.3853     824.1884     841.2169     849.1396
     846.9636     834.0165     809.9434     774.8414     729.6588
     676.5679     618.6865     559.4585     502.1880     449.5910
     403.4745     364.7948     333.9868     311.2559     296.6943
     290.2255     291.5949     300.3822     316.0188     337.8086
     364.9619     396.6578     432.0566     470.2844     510.4044
     551.3919     592.1026     631.2673     667.5016     699.3458
     725.3599     744.2699     755.1047     757.2875     750.6677
     735.4995     712.3625     682.0803     645.6736     604.3298
     559.3958     512.3918     465.0226     419.1578     376.7327
     339.6099     309.3748     287.1206     273.3015     267.7361
     269.7195     278.1945     291.9283     309.6504     330.1491
     352.3321     375.2599     453.9276     446.0117     439.0478
     433.4537     429.6579     428.0878     429.1575     433.2497
     440.6941     451.7422     466.5597     485.2332     507.7297
     533.8523     563.2001     595.1496     628.8525     663.2414
     696.9659     728.4099     755.8311     777.4846     791.7375
     797.2267     792.9204     778.1352     752.5928     716.5739
     671.1628     618.4086     561.2042     502.9472     447.1276
     396.6349     353.0721     317.0089     288.6167     267.9782
     255.0708     249.7125     251.5584     260.1019     274.6934
     294.5770     318.9672     347.1062     378.2640     411.7129
     446.6915     482.3709     517.8170     551.9778     583.6876
     611.7042     634.8010     651.8765     662.0693     664.8422
     660.0237     647.8082     628.7018     603.4658     573.0852
     538.7405     501.7752     463.6812     426.0840     390.7015
     359.2339     333.2258     313.8858     301.9236     297.4793
     300.1827     309.2684     323.7073     342.3365     363.9660
     387.4602     411.7918     436.0798     468.4597     460.1131
     452.4404     445.8341     440.6967     437.4305     436.4262
     438.0458     442.6024     450.3397     461.4424     476.0355
     494.1436     515.6454     540.2383     567.4235     596.5010
     626.5272     656.2239     684.0334     708.2419     727.0968
     738.9709     742.5109     736.6854     720.8345     694.7520
     658.8140     614.1282     562.6144     506.9477     450.3879
     396.5707     348.7307     308.0855     274.7126     248.6151
     229.8014     218.1703     213.4690     215.2772     223.0057
     235.9226     253.2302     274.1770     298.0935     324.3827
     352.4904     381.8598     411.8854     441.8641     470.9701
     498.2501     522.6611     543.1561     558.7693     568.7161
     572.4816     569.8729     561.0338     546.4079     526.7022
     502.8590     476.0287     447.5269     418.7898     391.3397
     366.7286     346.4344     331.7328     323.5158     322.1388
     327.4136     338.7426     355.2542     375.9082     399.5882
     425.1782     451.6245     477.9783     503.4324     482.3735
     473.4030     464.7987     456.9260     450.1618     444.8858
     441.4697     440.2626     441.5718     445.6524     452.7288
     462.9829     476.5139     493.2958     513.1439     535.6977
     560.4022     586.3991     612.4680     637.0954     658.5801
     675.1796     685.3077     687.6370     681.1540     665.2286
     639.6991     604.9759     562.1367     512.9719     459.9521
     406.1238     355.0016     310.0068     271.9983     240.8338
     216.4782     198.8836     187.8966     183.2123     184.3385
     190.5926     201.1526     215.2018     232.0333     251.0761
     271.8876     294.1162     317.4425     341.5136     365.8769
     389.9372     412.9427     434.0255     452.2773     466.8239
     476.9157     482.0320     481.9496     476.7667     466.8764
     452.9436     435.8768     416.7920     396.9668     377.7724
     360.6169     346.8812     337.8293     334.5101     337.5588
     346.9760     362.2073     382.4019     406.5598     433.6066
     462.4543     492.0503     521.4218     549.7039     576.1724
     495.8238     486.0856     476.3822     467.0511     458.4445
     450.9216     444.8407     440.5453     438.3486     438.5348
     441.3845     447.1511     456.0229     468.0876     483.2952
     501.4364     522.0842     544.4478     567.3608     589.3458
     608.7125     623.7586     632.9443     634.9678     628.8328
     613.9263     590.1012     557.7609     517.9264     472.2639
     423.0616     373.1399     325.6485     283.2897     247.1826
     217.4478     194.0492     176.8865     165.7694     160.3586
     160.0937     164.1796     171.7067     181.8358     193.8971
     207.4280     222.1641     237.9906     254.8629     272.7139
     291.3618     310.4443     329.3963     347.4917     363.9050
     377.7935     388.3981     395.1615     397.8164     396.4136
     391.3078     383.1412     372.8101     361.4162     350.2083
     340.5044     333.6060     330.7202     332.8861     340.9307
     355.3023     375.6101     400.8946     430.0587     461.9697
     495.5049     529.5881     563.2181     595.4955     625.6385
     653.0084     508.9995     498.4051     487.4971     476.5843
     465.9949     456.0707     447.1610     439.6113     433.7509
     429.9092     428.4334     429.6605     433.8831     441.3169
     452.0620     466.0685     483.0191     502.1911     522.4731
     542.4197     560.3677     574.6681     583.8151     586.5196
     581.7862     568.9948     547.9803     519.1023     483.2947
     442.0803     397.5314     352.1405     308.5274     268.8554
     234.3524     205.4878     182.3528     164.8660     152.8445
     145.9582     143.6046     144.8695     148.7367     154.3197
     160.9812     168.3788     176.4537     185.3680     195.3973
     206.8004     219.6895     233.9359     249.1391     264.6590
     279.6856     293.3433     304.8107     313.4549     318.9427
     321.2727     320.7765     318.1014     314.1672     310.1012
     307.1597     306.6396     309.7678     317.5966     330.9349
     350.3246     375.9506     407.0428     442.3051     480.4112
     520.0849     560.1370     599.4858     637.1668     672.3430
     704.3087     732.5085     522.1074     510.6279     498.4756
     485.9305     473.2973     460.9025     449.0909     438.2161
     428.6337     420.7277     414.9197     411.6415     411.3030
     414.2596     420.7745     430.9589     444.5973     461.0457
     479.2518     497.8046     515.0913     529.5060     539.5543
     543.9357     541.6277     531.9709     514.7432     490.2216
     459.2169     423.0699     383.5899     342.8989     303.1622
     266.2057     233.2659     205.0124     181.6923     163.3052
     149.7204     140.6854     135.6322     133.5070     133.1439
     133.5983     134.2670     134.9381     135.7868     137.2989
     140.1270     144.9057     152.0697     161.7186     173.5771
     187.0264     201.1945     215.0924     227.7681     238.4656
     246.7561     252.5833     256.2758     258.5234     260.3192
     262.8735     267.5108     275.5594     288.2223     306.4353
     330.7880     361.4755     398.1699     439.8172     484.9014
     531.8634     579.2656     625.8366     670.4746     712.2363
     750.3336     784.1253     813.1330     535.3539     523.0209
     509.6525     495.4987     480.8413     465.9927     451.2968
     437.1206     423.8532     411.9380     401.8778     394.2076
     389.4643     388.1524     390.7076     397.3987     408.1192
     422.3187     439.0120     456.8353     474.2369     489.6314
     501.5044     508.5101     509.5629     503.9247     491.2786
     471.7816     446.0872     415.3254     381.0293     344.9839
     309.0127     274.7218     243.3243     215.5724     191.8346
     172.2051     156.6089     144.8954     136.6426     130.6052
     125.4789     120.2778     114.4245     107.8332     100.9349
      94.5947      89.9156      87.9720      89.5473      94.9636
     104.0243     116.0498     130.0054     144.6870     158.9272
     171.7887     182.7146     191.5947     198.7828     205.0595
     211.5542     219.6329     230.7661     246.3869     267.7340
     295.6689     330.5616     372.2133     419.7994     471.8932
     526.7154     582.4830     637.6022     690.7195     740.7059
     786.6256     827.7218     863.4029     893.2573     548.9238
     535.8293     521.3404     505.6756     489.0930     471.8926
     454.4194     437.0576     420.2331     404.4528     390.3048
     378.4323     369.5038     364.1798     363.0729     366.6052
     374.7969     387.2110     402.9431     420.6975     438.9753
     456.1816     470.7433     481.2275     486.4440     485.5393
     478.0675     464.0354     443.9157     418.6191     389.4202
     357.8262     325.4130     293.6418     263.6960     236.3564
     212.0766     191.0487     173.2719     158.6263     146.6572
     136.1541     125.7860     114.5116     101.7330      87.4540
      72.3737      57.8063      45.4008      36.7456      33.0164
      34.7524      41.7691      53.2175      67.7697      83.8798
     100.0620     115.1304     128.3702     139.6274     149.3199
     158.3790     168.1448     180.2241     196.3245     218.0746
     246.8250     283.4254     328.0611     380.1584     438.3992
     500.8803     565.4443     630.0443     692.9371     752.7009
     808.1772     858.4199     902.6791     940.3929     971.2051
     562.9635     549.2568     533.8072     516.7997     498.4680
     479.0991     459.0411     438.6964     418.5308     399.1170
     381.1303     365.3221     352.4932     343.4606     339.0121
     339.7214     345.7575     356.8229     372.1188     390.4376
     410.3100     430.0952     448.1136     462.8000     472.8223
     477.1798     475.2705     466.9304     452.4410     432.5010
     408.1588     380.7028     351.5340     322.0212     293.3172
     266.2199     241.2419     218.6656     198.5639     180.7677
     164.7140     149.3607     133.4600     115.9086      96.0191
      73.8135      50.2591      27.2114       6.9894       0.0000
       0.0000       0.0000       0.0000       0.1300      16.2927
      34.5964      53.1179      70.3509      85.4051      98.1080
     108.9949     119.2198     130.4167     144.5252     163.5898
     189.5400     223.9404     267.7288     320.9913     382.8304
     451.4080     524.2172     598.5765     672.1091     742.9286
     809.5593     870.8015     925.6635     973.3656    1013.3503
    1045.3092     577.5591     563.4412     547.2498     529.1340
     509.3002     488.0224     465.6515     442.6087     419.4032
     396.6753     375.1863     355.7932     339.4228     327.0422
     319.6039     317.8326     322.0668     332.1823     347.5261
     366.9942     389.1145     412.1479     434.2592     453.7096
     468.9952     478.9453     482.7840     480.1654     471.1795
     456.3283     436.4686     412.7218     386.3695     358.7242
     330.9101     303.7451     277.7859     253.3837     230.6555
     209.4035     189.0694     168.7417     147.2777     123.5299
      96.6476      66.5462      34.4346       2.8392       0.0000
       0.0000       0.0000       0.0000       0.0000       0.0000
       0.0000       0.0000      20.2663      39.4989      55.6545
      68.5915      79.0352      88.4441      98.8330     112.5648
     132.1208     159.8421     197.6336     246.6594     307.0463
     377.6680     456.1487     539.2110     623.4473     706.0801
     785.1110     859.0138     926.4934     986.4438    1038.0026
    1080.5923    1113.9550     592.7225     578.4376     561.7744
     542.8420     521.8167     498.9568     474.6147     449.2333
     423.3693     397.7320     373.1677     350.6330     331.1695
     315.8789     305.8562     301.9709     304.7445     314.2653
     330.0869     351.2240     376.1550     402.9743     429.6437
     454.2230     475.0206     490.6854     500.2599     503.2121
     499.4444     489.2781     473.4094     452.8345     428.7592
     402.4639     375.0531     347.3678     320.0169     293.3986
     267.6651     242.6432     217.8493     192.5051     165.5904
     135.9547     102.5322      64.9119      24.4457       0.0000
       0.0000       0.0000       0.0000       0.0000       0.0000
       0.0000       0.0000       0.0000       3.8937      24.7717
      41.0535      52.7131      60.7601      67.0465      74.0476
      84.6269     101.7865     128.3801     166.7860     218.5600
     284.0603     362.1080     449.8508     543.0576     637.2745
     729.2698     817.0212     898.8916     973.3475    1039.0519
    1095.0039    1140.6016    1175.6600     608.3723     594.1969
     577.3720     557.9623     536.1082     512.0485     486.1356
     458.8393     430.7697     402.7088     375.5877     350.4556
     328.4550     310.7984     298.6914     293.1234     294.7928
     304.0361     320.6988     343.9417     372.1221     403.0831
     434.5495     464.3809     490.7047     511.9924     527.1027
     535.3137     536.3417     530.3395     517.8672     499.8301
     477.3943     451.8284     424.2332     395.4843     366.2556
     336.9890     307.8667     278.7731     249.3276     218.8933
     186.6026     151.4021     112.1167      67.7596      19.5953
       0.0000       0.0000       0.0000       0.0000       0.0000
       0.0000       0.0000       0.0000       0.0000       6.5295
      28.4052      43.5150      52.0798      55.5083      56.1316
      56.9457      61.3612      72.9501      95.1492     130.9256
     182.3904     250.3493     333.8265     429.7324     532.8559
     637.1782     739.0317     836.4512     927.4068    1009.8734
    1082.1563    1143.0933    1192.0961    1229.1119     624.3267
     610.5540     593.9037     574.3894     552.1083     527.2713
     500.2315     471.4929     441.7284     411.8000     382.7255
     355.6416     331.7770     312.4310     298.8821     292.1969
     293.2027     302.4799     320.2714     345.9515     377.6327
     412.8229     449.0271     483.9500     515.5645     542.1729
     562.4464     575.4653     580.7541     578.3010     568.5481
     552.3397     530.8354     505.3155     476.9023     446.5297
     414.9397     382.6279     349.8051     316.4159     282.1791
     246.5808     208.8945     168.2111     123.4623      73.4519
      19.3052       0.0000       0.0000       0.0000       0.0000
       0.0000       0.0000       0.0000       0.0000       0.3125
      30.6360      52.4264      64.6856      68.0592      64.4786
      56.8211      48.6254      43.8489      46.6283      61.0063
      90.6118     138.2478     205.3648     291.4368     393.4474
     505.6537     620.3537     733.3254     842.0684     943.6464
    1035.3248    1115.0066    1181.4225    1234.0951    1273.2072
     640.2937     627.2150     611.0831     591.8543     569.5698
     544.4019     516.7039     487.0252     456.1161     424.9298
     394.5749     366.2715     341.3237     321.0980     306.9191
     299.8898     300.8896     310.6306     329.7744     358.0592
     393.1472     432.2570     472.7800     512.3274     548.7493
     580.1823     605.1000     622.3669     631.2993     631.7149
     623.9498     608.8162     587.5027     561.3333     531.4908
     498.9898     464.6456     429.0119     392.3409     354.6264
     315.6700     275.0547     232.1635     186.2050     136.2935
      81.9327      24.8888       0.0000       0.0000       0.0000
       0.0000       0.0000       0.0000       0.0000       4.3890
      45.9793      78.2080      98.2439     105.5722     101.4707
      88.4985      70.1007      50.3266      33.6177      24.6075
      27.9064      47.8245      87.9610     150.6050     235.9228
     341.1915     460.5314     586.2836     712.4006     834.3939
     948.0860    1049.9464    1137.5255    1209.5779    1265.8911
    1307.0154     655.8780     643.7576     628.4724     609.9151
     588.0544     563.0068     535.1231     505.0143     473.5301
     441.7280     410.8097     382.0732     356.8882     336.6765
     322.7988     316.3819     318.3240     329.3606     350.2348
     380.7958     418.6178     460.8934     504.9802     548.4233
     588.9630     624.5708     653.5068     674.3937     686.3094
     688.8834     682.3524     667.5300     645.6788     618.2114
     586.4162     551.4084     514.0833     475.0578     434.6382
     392.8786     349.6564     304.6627     257.4223     207.3556
     154.0167      97.7277      40.6057       0.0000       0.0000
       0.0000       0.0000       0.0000       0.0000      17.2795
      71.6925     117.8790     150.1026     166.0584     166.0639
     152.2149     127.7430      96.6127      63.2840      32.5552
       9.4302       0.0000       6.1617      35.4321      90.1668
     171.6367     277.8964     403.3749     540.1211     680.0925
     816.2584     942.7017    1054.9298    1150.1969    1227.4561
    1286.9448    1329.7102     670.5932     659.6384     645.4802
     627.9486     606.9216     582.4307     554.8159     524.7765
     493.2905     461.5287     430.7787     402.4036     377.8245
     358.5054     345.8355     340.9575     344.7650     357.9336
     380.8993     413.1791     452.8607     497.3747     544.1110
     590.5742     634.4111     673.4415     705.7061     729.5581
     743.7951     747.8242     741.7861     726.5410     703.4855
     674.1807     640.0607     602.3552     562.0469     519.8229
     476.0578     430.8935     384.3112     336.1525     286.1585
     234.0816     179.9955     124.7972      70.7579      21.7184
       0.0000       0.0000       0.0000       0.0000      40.7041
     105.6957     167.5113     215.7796     245.0655     254.1189
     244.4014     218.9045     181.4636     136.4307      88.5176
      42.7101       4.2157       0.0000       0.0000       0.0000
      30.5401     105.5940     211.1775     342.0034     489.0630
     642.1795     791.8897     930.3358    1051.9142    1153.6626
    1234.9578    1296.6776    1340.4475     683.9020     674.2289
     661.3875     645.1612     625.3322     601.8009     574.8743
     545.3881     514.4788     483.4188     453.5576     426.2988
     403.0931     385.4243     374.6874     372.0052     378.1938
     393.7382     418.7328     452.5265     493.5256     539.5052
     588.0142     636.5937     682.8477     724.4836     759.3485
     785.5138     801.4452     806.2686     800.0280     783.6990
     758.8955     727.3894     690.7833     650.4244     607.3849
     562.4308     516.0244     468.4236     419.7607     370.0729
     319.3732     267.8020     215.9042     164.9843     117.4224
      76.7859      47.6785      35.4635      46.0458      85.3565
     150.2115     223.6631     289.3156     335.8726     358.6841
     358.0851     336.8264     298.6680     247.8434     188.8919
     126.5963      65.9675      12.2548       0.0000       0.0000
       0.0000       0.0000      46.4870     149.7512     284.6483
     440.3150     604.4028     765.3940     913.5764    1042.1505
    1148.1173    1231.6013    1294.2670    1338.2854     695.2745
     686.8818     675.4078     660.6234     642.2541     620.0316
     594.1776     565.7481     536.0245     506.3323     478.0446
     452.5770     431.3827     415.9358     407.6058     407.4521
     416.1576     433.9933     460.8145     495.8908     537.8151
     584.6449     634.1399     683.9498     731.7044     775.0631
     811.7415     839.5622     856.6144     861.6423     854.5816
     836.6401     809.7509     775.9312     736.9429     694.2378
     648.9738     602.0052     553.9020     505.0641     455.8067
     406.3933     357.1320     308.5338     261.5338     217.7391
     179.6219     150.5868     134.8732     137.3037     162.7329
     213.9031     285.6151     362.9939     428.4697     469.4018
     482.7251     470.8793     437.6758     387.2831     324.0552
     252.5242     177.4047     103.6265      36.3787       0.0000
       0.0000       0.0000       0.0000       4.5161     103.5238
     240.0497     400.5849     571.2727     739.3660     893.5455
    1025.5562    1132.6871    1216.2302    1278.5764    1322.2236
     704.2737     697.0490     686.8401     673.4258     656.5367
     635.8510     611.5250     584.7612     556.8773     529.2015
     503.1033     479.9872     461.2845     448.4328     442.7494
     445.2027     456.3310     476.2228     504.5746     540.6149
     583.0560     630.1641     679.8991     730.0540     778.3376
     822.4295     860.0004     888.7257     906.3499     911.0806
     902.7053     882.8680     853.8829     817.9697     777.0048
     732.5223     685.7624     637.6783     588.9646     540.1815
     491.8411     444.4369     398.5517     355.0020     315.0120
     280.3783     253.5806     237.7915     236.7238     254.2153
     293.2322     353.6727     429.3391     507.1563     569.7273
     602.6279     605.8889     583.7095     540.2793     479.8197
     406.6348     325.1598     239.9971     155.9714      78.1914
      12.1199       0.0000       0.0000       0.0000       0.0000
      83.6924     216.4390     374.8824     544.9957     713.7234
     868.7786     999.9131    1105.2201    1187.1851    1248.4277
    1291.4534     710.6299     704.4036     695.2799     683.0508
     667.4833     648.4122     626.1384     601.6525     576.2067
     551.1042     527.6910     507.3414     491.4447     481.3812
     478.3970     483.3622     496.6843     518.3095     547.8243
     584.4332     626.9280     673.7266     722.9561     772.5530
     820.3297     864.0287     901.3463     929.9384     947.4158
     951.4261     941.5223     919.9874     889.3588     851.9451
     809.6954     764.2169     716.8386     668.6270     620.4185
     572.9458     526.9067     482.9975     442.0199     405.0015
     373.3295     348.8477     333.8864     331.1945     343.6837
     373.8644     422.7829     488.3983     563.9664     637.6646
     694.0385     720.5977     717.3169     688.5113     638.5093
     571.5798     492.0047     404.1570     312.5606     221.9632
     137.4154      64.3600       8.7296       0.0000       0.0000
      14.5630      96.3049     217.1045     364.5923     525.2682
     686.1691     834.9730     961.5063    1063.5536    1143.3210
    1203.2709    1245.7787     714.2703     708.8889     700.7085
     689.5646     675.3231     658.0042     637.9941     616.1266
     593.5075     571.3541     550.9514     533.6179     520.6818
     513.4457     513.0721     520.3386     535.5446     558.5268
     588.7913     625.5245     667.5722     713.4609     761.4495
     809.5997     855.8267     897.9474     933.7068     960.7900
     976.8325     979.6115     968.7438     946.3329     914.9194
     876.8650     834.1946     788.6044     741.5280     694.1662
     647.5125     602.4628     559.8698     520.5845     485.5506
     455.8996     433.0428     418.7171     414.9433     423.8741
     447.4636     486.8777     541.5942     608.3112     680.0917
     746.4442     795.2366     817.5585     811.7200     780.5966
     728.2593     658.9647     576.9936     486.6945     392.5434
     299.2249     211.7215     135.4075      76.1302      40.2338
      34.3633      64.5055     133.3749     237.3390     367.0446
     510.7151     656.2786     792.4941     910.9200    1008.3075
    1085.3123    1143.8262    1185.9515     715.2834     710.6494
     703.3509     693.2936     680.4547     664.9823     647.3052
     628.1629     608.5242     589.4855     572.2326     558.0007
     548.0332     543.5367     545.5814     554.8629     571.5950
     595.5312     626.1144     662.5148     703.6146     748.0192
     794.0900     839.9951     883.7463     923.2440     956.3091
     980.7250     994.3532     995.5666     984.1785     961.6724
     930.3313     892.4973     850.2563     805.4028     759.4868
     713.8531     669.6515     627.9158     589.6138     555.6892
     527.1422     505.1023     490.8853     485.9903     492.0114
     510.4326     542.2700     587.5568     644.6688     709.6610
     775.9373     834.7376     876.9258     895.8765     889.3944
     858.9280     807.7345     739.7324     659.0592     569.9752
     476.8676     384.3080     297.1259     220.4804     159.8896
     121.1429     109.8896     130.5862     184.7429     269.4626
     377.6759     499.8239     625.6230     745.5628     852.4899
     942.7285    1015.6111    1072.0741    1113.6699     713.8510
     709.9217     703.4998     694.5665     683.1918     669.6041
     654.2510     637.8077     621.1318     605.1970     591.0709
     579.8821     572.7688     570.8265     575.0253     585.9899
     603.8691     628.3534     658.8347     694.4682     734.1616
     776.5811     820.1729     863.2023     903.7843     939.9307
     969.6022     990.7983    1001.7500    1001.3005     989.3723
     967.0726     936.3350     899.3615     858.2358     814.8232
     770.7765     727.5733     686.5062     648.7156     615.2375
     587.0398     565.0957     550.4426     544.2131     547.5937
     561.6998     587.3653     624.8210     673.2769     730.4639
     792.2983     852.8809     905.1108     942.0364     958.5552
     952.4893     924.4056     876.6951     812.7110     736.2545
     651.3602     562.2172     473.1721     388.7608     313.7362
     253.0509     211.7070     194.3088     204.2122     242.4057
     306.7192     391.9113     490.6089     594.6027     696.1600
     789.2091     870.0335     937.1468     990.5831    1031.2019
     710.1922     706.9544     701.4246     693.6485     683.7643
     672.0486     658.9525     645.0999     631.2576     618.2913
     607.1464     598.8310     594.3651     594.7228     600.7681
     613.0634     631.7100     656.3549     686.3485     720.8332
     758.7379     798.7811     839.4880     879.2229     916.2206
     948.6417     974.6452     992.5047    1000.8010     998.6953
     986.1804     964.1538     934.2663     898.5425     859.0029
     817.5353     775.8648     735.5769     698.0851     664.6069
     636.1959     613.7746     598.2141     590.3940     591.2119
     601.5153     621.9672     652.8481     693.7911     743.4840
     799.3842     857.5897     913.0014     959.8941     992.8713
    1007.9116    1003.0347     978.3256     935.4861     877.2650
     807.0045     728.3809     645.2568     561.6214     481.5659
     409.2701     348.9653     304.7910     280.4479     278.6021
     300.1548     343.7354     405.6930     480.6344     562.3129
     644.6273     722.5017     792.4088     852.4204     901.8790
     940.9728     704.5614     701.9929     697.3560     690.7422
     682.3348     672.4353     661.4847     650.0610     638.8558
     628.6426     620.2511     614.5645     612.4781     614.8419
     622.4079     635.6818     654.7343     679.1873     708.3596
     741.3851     777.2142     814.6171     852.1985     888.4300
     921.6844     950.2990     972.6553     987.2975     993.0955
     989.4327     976.3553     954.6373     925.7198     891.4597
     853.7906     814.5823     775.5956     738.4915     704.7827
     675.7448     652.3996     635.5519     625.9086     624.1500
     630.9247     646.7652     671.9541     706.3502     749.1824
     798.8518     852.7808     907.4091     958.4016    1001.1193
    1031.2909    1045.6870    1042.5634    1021.7588     984.4764
     932.9188     869.9320     798.7501     722.8098     645.6342
     570.7568     501.6758     441.8142     394.4484     362.5398
     348.3821     353.0969     376.2068     415.5104     467.3547
     527.2156     590.4180     652.7968     711.1319     763.2944
     808.1362     845.2681     697.2467     695.3033     691.5252
     686.0345     679.0409     670.8546     661.8976     652.7027
     643.8971     636.1730     630.2573     626.9105     626.9032
     630.9625     639.7275     653.6464     672.7748     696.7292
     724.8093     756.1453     789.7127     824.3364     858.7052
     891.4071     920.9661     945.9052     964.8256     976.5135
     980.0697     975.0392     961.5106     940.1797     912.3307
     879.6736     844.0497     807.2833     771.1373     737.3090
     707.3912     682.7238     664.2459     652.5620     648.1732
     651.5583     663.1404     683.1898     711.6979     748.2332
     791.7864     840.6494     892.3463     943.6973     991.0306
    1030.5546    1058.8254    1073.2031    1072.1693    1055.4417
    1023.8661     979.1843     923.7633     860.3662     791.9526
     721.5251     652.0141     586.1927     526.6357     475.7598
     435.8965     409.2052     397.2756     400.6202     418.3845
     448.4244     487.6786     532.6821     580.0717     626.9655
     671.1659     711.1849     746.1689     688.5400     687.1677
     684.1844     679.7360     674.0467     667.4260     660.2719
     653.0731     646.3987     640.8677     637.1187     635.7988
     637.5568     643.0020     652.6632     666.9254     685.8420
     709.0435     735.8262     765.3235     796.5409     828.3619
     859.5662     888.8644     914.9332     936.4760     952.2961
     961.3868     963.0320     956.8995     943.1116     922.3103
     895.6584     864.7369     831.3008     797.1128     763.9042
     733.3597     707.1058     686.5846     672.5887     665.4517
     665.4862     673.0020     688.2385     711.2648     741.8702
     779.4450     822.8692     870.4404     919.8560     968.3036
    1012.6558    1049.7609    1076.7848    1091.5305    1092.6770
    1079.8829    1053.7338    1015.5888     967.3775     911.4017
     850.1404     786.0832     721.5816     658.7141     599.2195
     544.6241     496.6410     457.4821     429.4511     414.1348
     411.9146     421.9323     442.3412     470.6765     504.2496
     540.4901     577.1903     612.6241     645.5714     678.7170
     677.8576     675.5937     672.0858     667.5619     662.3251
     656.7530     651.2950     646.4641     642.8129     640.9039
     641.2863     644.4947     651.0268     661.3086     675.6531
     694.1186     716.3676     741.7134     769.2999     798.1670
     827.2627     855.4614     881.5953     904.4879     923.0097
     936.1425     943.0535     943.1731     936.2638     922.4750
     902.4079     877.1275     848.0987     816.9991     785.5303
     755.3745     728.1671     705.4711     688.7209     678.5592
     675.1401     678.6418     689.2355     707.0138     731.9011
     763.5595     801.2918     843.9565     889.9257     937.0933
     982.9730    1024.8682    1060.1060    1086.2953    1101.5652
    1104.7524    1095.4828    1074.1410    1041.7673     999.9011
     950.4135     895.3339     836.6857     776.3150     715.7205
     655.9189     597.5153     541.4578     490.1943     447.0251
     414.6155     394.4131     386.6268     390.4014     404.0812
     425.5209     452.4059     482.5298     513.9853     545.2639
     668.0336     667.6252     665.9987     663.3217     659.8194
     655.7795     651.5578     647.5736     644.2910     642.2022
     641.8031     643.5637     647.9163     655.2557     665.9133
     680.1263     697.9522     719.1017     742.9296     768.5980
     795.1876     821.7144     847.1465     870.4322     890.5313
     906.4643     917.3675     922.5526     921.5679     914.2498
     900.7676     881.6879     857.9932     831.0394     802.4286
     773.8052     746.7943     722.9637     703.7447     690.2853
     683.1690     682.5695     688.5719     701.2328     720.5308
     746.2937     778.1197     815.2935     856.7143     900.8648
     945.8265     989.3793    1029.1569    1062.8408    1088.3632
    1104.0922    1108.9790    1102.6162    1085.2216    1057.5609
    1020.8247     976.4940     926.1901     871.5170     813.8956
     754.3954     693.5621     631.2811     567.4210     504.9134
     448.2303     400.8763     365.1418     342.1246     331.8013
     333.1750     344.5179     363.6919     388.4734     416.8076
     446.9609     656.7284     656.7066     655.6319     653.6733
     651.0487     648.0286     644.9436     642.1793     640.1605
     639.3281     640.1199     642.9434     648.1489     656.0387
     666.8586     680.7731     697.8227     717.7757     740.0526
     763.8489     788.2903     812.4613     835.4191     856.2201
     873.9473     887.7537     896.9067     900.8380     899.1898
     891.8561     879.0182     861.2083     839.3320     814.6376
     788.6393     762.9212     739.0339     718.4348     702.3724
     691.7595     687.0923     688.5643     696.2291     710.0746
     730.0070     755.8047     787.0558     823.0834     862.8710
     905.0234     947.7832     989.1339    1026.9515    1059.1758
    1083.9727    1099.8876    1105.9501    1101.7148    1087.2493
    1063.0739    1030.0686     989.3640     942.2045     889.8079
     833.2180     773.1563     709.8751     643.0220     572.1360
     500.3750     432.6688     373.0617     324.5645     289.0907
     267.3755     258.9734     262.4474     275.7360     296.5608
     322.7421     352.3765     645.0214     645.3212     644.7121
     643.3608     641.4744     639.3073     637.1655     635.3995
     634.3920     634.5406     636.2354     639.8327     645.6244
     653.8358     664.6369     678.1278     694.3154     713.0215
     733.7535     755.7643     778.2267     800.2908     821.0971
     839.8004     855.5935     867.7435     875.6287     878.7782
     876.9090     869.9567     858.1057     841.8493     822.0168
     799.7478     776.4455     753.6182     732.7234     715.0878
     701.7960     693.6010     690.9066     693.8796     702.5554
     716.8857     736.7420     761.8934     791.9612     826.3522
     864.1699     904.1472     944.6503     983.8022    1019.6484
    1050.3134    1074.1378    1089.7974    1096.3722    1093.3740
    1080.7341    1058.7605    1028.0613     989.4490     943.8251
     892.0574     834.8563     772.6584     705.5488     633.3646
     556.5931     478.0231     402.0584     333.0246     274.5595
     229.3715     198.9465     183.3077     181.1532     190.3729
     208.5948     233.5444     263.2031     633.1168     633.6744
     633.4473     632.5964     631.3174     629.8493     628.4747
     627.5120     627.3038     628.2034     630.5575     634.6807
     640.8243     649.1618     659.7990     672.7802     688.0729
     705.5294     724.7588     745.1003     765.7775     786.0020
     804.9908     821.9868     836.2786     847.2305     854.3130
     857.1340     855.4673     849.2773     838.7422     824.3107
     806.7317     787.0317     766.4789     746.4816     728.4004
     713.4376     702.5459     696.3715     695.2438     699.2789
     708.4844     722.7878     742.0453     766.0365     794.4401
     826.7824     862.3296     899.9459     938.0716     974.9066
    1008.6124    1037.4532    1059.9077    1074.7490    1081.0887
    1078.3953    1066.4851    1045.4862    1015.7709     977.8780
     932.4165     879.9693     821.0038     755.8157     684.5681
     607.5612     525.8961     442.1729     360.2333     284.3098
     218.4250     166.0127     129.3533     108.8567     103.1282
     109.8715     126.6181     151.0533     181.1070     621.2010
     621.9559     622.0319     621.5819     620.7907     619.8824
     619.1180     618.7867     619.1960     620.6592     623.4808
     627.9360     634.2429     642.5455     652.9061     665.3232
     679.7300     695.9822     713.7855     732.5926     751.6896
     770.3455     787.8465     803.5130     816.7161     826.9025
     833.6183     836.5334     835.4645     830.3928     821.4819
     809.1285     793.9948     776.9871     759.2266     741.9930
     726.5521     714.0002     705.1869     700.6846     700.7796
     705.5382     714.9291     728.8553     747.1636     769.6472
     796.0411     826.0013     859.0035     894.0573     929.6048
     963.8755     995.1251    1021.7410    1042.3174    1055.7031
    1061.0337    1057.7437    1045.5554    1024.4473     994.5981
     956.3279     910.0231     856.0706     794.8117     726.5477
     651.6472     570.8041     485.4447     398.0644     312.1154
     231.5845     160.5964     103.1313      62.3867      39.0838
      31.3935      36.7813      52.7677      77.0717     107.6363
     609.4453     610.3416     610.6479     610.5088     610.0984
     609.6271     609.3352     609.4863     610.3574     612.2274
     615.3651     620.0093     626.3464     634.4971     644.5039
     656.3330     669.8915     685.0293     701.5165     718.9336
     736.6560     754.0070     770.3341     785.0257     797.5233
     807.3423     814.0901     817.4852     817.3743     813.7457
     806.7413     796.6974     784.1814     769.9764     755.0551
     740.5431     727.6068     717.2562     710.2623     707.1442
     708.1697     713.3826     722.7089     736.0287     753.1840
     773.9814     798.1934     825.5590     855.7680     888.0082
     920.6436     951.9529     980.2997    1004.1887    1022.3126
    1033.5861    1037.1683    1032.4686    1019.1353     997.0305
     966.1877     926.7686     879.0126     823.2006     759.6465
     688.7419     611.0709     527.6063     439.9564     350.5485
     262.5698     179.7444     106.0831      45.7160       2.6805
       0.0000       0.0000       0.0000       0.0000      13.1563
      44.0753     598.0022     598.9899     599.4621     599.5544
     599.4316     599.2903     599.3528     599.8596     601.0615
     603.2084     606.5391     611.2635     617.5411     625.4711
     635.0826     646.3300     659.1049     673.2537     688.5735
     704.7580     721.3046     737.5986     753.0422     767.0825
     779.2211     789.0300     796.1659     800.3843     801.5520
     799.6560     794.8091     787.2795     777.5363     766.2385
     754.2118     742.4188     731.9026     723.6015     718.2271
     716.2618     717.9681     723.4025     732.4688     745.0278
     760.9232     779.9808     802.0056     826.7817     854.0399
     883.0266     912.2421     940.0723     964.9904     985.6062
    1000.6992    1009.2425    1010.4181    1003.6196     988.4442
     964.6735     932.2429     891.2150     841.7504     784.0961
     718.6028     645.7828     566.4043     481.6351     393.1955
     303.4686     215.4653     132.6982      59.0155       0.0000
       0.0000       0.0000       0.0000       0.0000       0.0000
       0.0000       0.0000     587.0088     588.0444     588.6265
     588.8820     588.9670     589.0652     589.3823     590.1392
     591.5637     593.8818     597.3076     602.0278     608.1818
     615.8527     625.0599     635.7559     647.8317     661.1344
     675.4733     690.6086     706.1730     721.6417     736.4668
     750.1464     762.2329     772.3453     780.1794     785.5186
     788.2413     788.3255     785.8477     781.0062     774.1700
     765.8751     756.8031     747.7564     739.6274     733.2784
     729.3773     728.3829     730.5618     735.9994     744.6223
     756.2835     770.8318     788.1098     807.9417     830.1085
     854.2448     879.5895     904.9027     928.7527     949.7395
     966.5748     978.1176     983.3959     981.6183     972.1771
     954.6420     928.7485     894.3777     851.5439     800.3824
     741.1559     674.2845     600.4009     520.4188     435.6419
     347.8578     259.4101     173.1706      92.4491      20.8364
       0.0000       0.0000       0.0000       0.0000       0.0000
       0.0000       0.0000       0.0000     576.5828     577.6298
     578.2748     578.6367     578.8630     579.1254     579.6151
     580.5355     582.0953     584.5002     587.9446     592.5972
     598.5825     605.9729     614.7830     624.9697     636.4377
     649.0411     662.5986     676.8982     691.6755     706.5309
     720.9751     734.5500     746.8508     757.5350     766.3296
     773.0380     777.5432     779.8058     779.8643     777.8481
     774.0273     768.8173     762.7597     756.5021     750.7762
     746.3364     743.8130     743.6506     746.1251     751.3584
     759.3323     769.9257     782.9907     798.3708     815.8787
     835.2489     856.0406     877.5162     898.6215     918.1298
     934.7952     947.4433     955.0188     956.6105     951.4644
     938.9877     918.7473     890.4642     854.0017     809.3654
     756.7031     696.3218     628.7234     554.6422     475.0996
     391.4848     305.6113     219.7612     136.6482      59.3237
       0.0000       0.0000       0.0000       0.0000       0.0000
       0.0000       0.0000       0.0000       0.0000     566.8248
     567.8533     568.5234     568.9458     569.2593     569.6250
     570.2210     571.2358     572.8618     575.2881     578.6930
     583.2314     589.0179     596.1186     604.5474     614.2713
     625.2126     637.2472     650.2074     663.8976     678.0989
     692.5328     706.8029     720.4918     733.2302     744.7071
     754.6741     762.9479     769.4078     773.9937     776.7060
     777.6106     776.8812     774.8168     771.8246     768.4025
     765.1244     762.6030     761.4090     761.9761     764.5925
     769.4219     776.5150     785.8134     797.1848     810.4606
     825.4241     841.7625     858.9977     876.4303     893.1454
     908.0919     920.1800     928.3605     931.6753     929.2864
     920.4919     904.7330     881.5969     850.8166     812.2667
     765.9725     712.1182     651.0703     583.4055     509.9333
     431.7448     350.2691     267.3017     185.0252     105.9562
      32.8387       0.0000       0.0000       0.0000       0.0000
       0.0000       0.0000       0.0000       0.0000       0.0000
     557.8159     558.8023     559.4683     559.9151     560.2735
     560.6948     561.3452     562.4005     564.0395     566.4376
     569.7599     574.1516     579.7206     586.5304     594.5991
     603.9067     614.3943     625.9629     638.4728     651.7480
     665.5906     679.7856     694.0537     708.0353     721.3901
     733.8323     745.1316     755.1104     763.6393     770.6368
     776.0668     779.9384     782.3354     783.4459     783.5496
     783.0009     782.2191     781.6645     781.7971     783.0246
     785.6487     789.8823     795.8530     803.5868     812.9960
     823.9106     836.0835     849.1642     862.6601     875.9177
     888.1323     898.3964     905.7647     909.3159     908.1982
     901.6593     889.0646     869.9078     843.8165     810.5573
     770.0380     722.3232     667.6475     606.4376     539.3241
     467.1658     391.0874     312.5157     233.1872     155.1492
      80.6931      12.2443       0.0000       0.0000       0.0000
       0.0000       0.0000       0.0000       0.0000       0.0000
       0.0000     549.6188     550.5455     551.1859     551.6305
     552.0019     552.4424     553.1080     554.1633     555.7755
     558.1088     561.3182     565.5412     570.8824     577.4056
     585.1371     594.0716     604.1696     615.3569     627.5237
     640.5261     654.1903     668.3256     682.7272     697.1313
     711.2305     724.7575     737.4925     749.2564     759.9087
     769.3461     777.4987     784.3262     789.8321     794.1015
     797.2950     799.6321     801.3817     802.8492     804.3466
     806.2010     808.7244     812.1886     816.8116     822.7158
     829.8884     838.1786     847.3249     856.9504     866.5637
     875.5564     883.2128     888.7448     891.3375     890.1944
     884.5758     873.8256     857.3902     834.8302     805.8300
     770.2072     727.9188     679.0801     623.9796     563.0898
     497.0757     426.8193     353.4461     278.3455     203.1626
     129.7852      60.2716       0.0000       0.0000       0.0000
       0.0000       0.0000       0.0000       0.0000       0.0000
       0.0000       0.0000     542.2770     543.1310     543.7305
     544.1545     544.5164     544.9501     545.6026     546.6285
     548.1855     550.4286     553.5043     557.5447     562.6533
     568.8973     576.3137     584.9124     594.6736     605.5472
     617.4517     630.2755     643.8792     658.0987     672.7555
     687.6612     702.5756     717.2466     731.4566     745.0209
     757.7861     769.6271     780.4421     790.1484     798.6819
     806.0343     812.2580     817.4492     821.7349     825.2639
     828.1827     830.6765     833.0304     835.5897     838.6835
     842.5443     847.2477     852.6885     858.6053     864.6211
     870.2533     874.9316     878.0149     878.8174     876.6419
     870.8130     860.7057     845.7680     825.5376     799.6552
     767.8754     730.0785     686.2788     636.6465     581.5160
     521.3875     456.9421     389.0616     318.8452     247.6177
     176.9113     108.4439      44.0475       0.0000       0.0000
       0.0000       0.0000       0.0000       0.0000       0.0000
       0.0000       0.0000       0.0000     535.8159     536.5878
     537.1365     537.5284     537.8663     538.2760     538.8961
     539.8729     541.3556     543.4914     546.4205     550.2705
     555.1454     561.1186     568.2388     576.5315     585.9964
     596.6061     608.3058     621.0136     634.6227     649.0030
     664.0040     679.4637     695.2079     711.0212     726.6827
     741.9987     756.8006     770.9417     784.2906     796.7271
     808.1331     818.4180     827.5390     835.4843     842.2540
     847.8438     852.2255     855.4036     857.5684     859.1434
     860.6016     862.2966     864.3895     866.8333     869.3935
     871.7023     873.2997     873.6525     872.1833     868.2976
     861.4075     850.9548     836.4313     817.3950     793.4841
     764.4285     730.0612     690.3315     645.3147     595.2316
     540.4458     481.4710     418.9875     353.8568     287.1298
     220.0483     154.0201      90.5932      31.3825       0.0000
       0.0000       0.0000       0.0000       0.0000       0.0000
       0.0000       0.0000       0.0000       0.0000     530.2419
     530.9251     531.4166     531.7703     532.0764     532.4520
     533.0283     533.9438     535.3406     537.3593     540.1345
     543.7907     548.4331     554.1430     560.9816     568.9899
     578.1860     588.5640     600.0937     612.7206     626.3669
     640.9335     656.3013     672.3359     688.8858     705.7796
     722.8090     739.7674     756.4691     772.7442     788.4332
     803.3811     817.4268     830.4114     842.2078     852.7120
     861.8162     869.3855     875.2272     879.1280     881.1300
     881.7294     881.5658     881.1067     880.5825     880.0013
     879.1760     877.7618     875.3220     871.3702     865.3956
     856.8889     845.3677     830.3906     811.5681     788.5732
     761.1497     729.1217     692.4050     651.0200     605.1006
     554.9042     500.8097     443.3322     383.1360     321.0450
     258.0469     195.2888     134.0487      75.7024      21.6540
       0.0000       0.0000       0.0000       0.0000       0.0000
       0.0000       0.0000       0.0000       0.0000       0.0000
     525.5453     526.1340     526.5644     526.8770     527.1489
     527.4865     528.0135     528.8620     530.1672     532.0641
     534.6827     538.1445     542.5566     548.0093     554.5762
     562.3128     571.2549     581.4167     592.7904     605.3458
     619.0317     633.7758     649.4868     666.0569     683.3551
     701.2237     719.4796     737.9141     756.3215     774.5074
     792.2835     809.4617     825.8428     841.2136     855.3707
     868.1257     879.2804     888.6034     895.7900     900.4169
     902.3061     902.0893     900.5016     898.0738     895.0888
     891.6008     887.4697     882.3997     875.9884     867.7951
     857.3832     844.3403     828.2925     808.9166     785.9453
     759.1691     728.4403     693.6796     654.8856     612.1480
     565.6469     515.6615     462.5765     406.8965     349.2564
     290.4298     231.3297     172.9984     116.5743      63.2625
      14.2752       0.0000       0.0000       0.0000       0.0000
       0.0000       0.0000       0.0000       0.0000       0.0000
       0.0000     521.6990     522.1874     522.5533     522.8239
     523.0624     523.3627     523.8404     524.6208     525.8333
     527.6078     530.0701     533.3391     537.5236     542.7230
     549.0226     556.4923     565.1838     575.1296     586.3422
     598.8134     612.5150     627.3987     643.3969     660.4234
     678.3625     697.0686     716.3683     736.0627     755.9321
     775.7565     795.3176     814.3943     832.7509     850.1297
     866.2558     880.8578     893.6547     904.3328     912.5154
     917.7157     919.6840     919.0150     916.4022     912.3645
     907.2233     901.0790     893.8392     885.2625     875.0079
     862.6900     847.9468     830.4698     810.0104     786.3763
     759.4271     729.0731     695.2756     658.0507     617.4774
     573.7027     526.9371     477.4725     425.6898     372.0718
     317.2132     261.8248     206.7295     152.8526     101.1930
      52.7970       8.7038       0.0000       0.0000       0.0000
       0.0000       0.0000       0.0000       0.0000       0.0000
       0.0000       0.0000     518.6606     519.0425     519.3401
     519.5677     519.7750     520.0421     520.4737     521.1887
     522.3110     523.9653     526.2739     529.3530     533.3127
     538.2604     544.2928     551.4926     559.9265     569.6434
     580.6738     593.0291     606.7010     621.6621     637.8649
     655.2391     673.6802     693.0518     713.1870     733.8907
     754.9407     776.0948     797.1044     817.7153     837.6554
     856.6246     874.2873     890.2938     904.2857     915.8801
     924.6639     930.2380     932.4706     931.7126     928.5023
     923.2955     916.3974     907.9447     897.8922     886.0494
     872.1396     855.8578     836.9291     815.1553     790.4232
     762.6860     731.9450     698.2369     661.6312     622.2353
     580.1963     535.7015     488.9824     440.3347     390.1252
     338.8040     286.9101     235.0746     184.0200     134.5524
      87.5374      43.8749       4.4487       0.0000       0.0000
       0.0000       0.0000       0.0000       0.0000       0.0000
       0.0000       0.0000       0.0000     516.3630     516.6400
     516.8644     517.0471     517.2247     517.4633     517.8550
     518.5101     519.5469     521.0856     523.2445     526.1374
     529.8748     534.5706     540.3317     547.2526     555.4133
     564.8776     575.6918     587.8842     601.4639     616.4213
     632.7252     650.3164     669.0986     688.9419     709.6837
     731.1307     753.0590     775.2146     797.3195     819.0873
     840.2087     860.3435     879.1121     896.1023     910.8962
     923.0751     932.2449     938.1111     940.5928     939.8902
     936.3625     930.3577     922.1196     911.7609     899.2618
     884.4742     867.1735     847.1338     824.1954     798.2944
     769.4669     737.8223     703.5099     666.6981     627.5681
     586.3102     543.1229     498.2237     451.8555     404.3062
     355.9143     307.0808     258.2760     210.0438     163.0008
     117.8341      75.2828      36.1135       1.0709       0.0000
       0.0000       0.0000       0.0000       0.0000       0.0000
       0.0000       0.0000       0.0000       0.0000     514.7071
     514.8954     515.0504     515.1850     515.3324     515.5463
     515.9049     516.5073     517.4653     518.8941     520.9084
     523.6191     527.1367     531.5789     537.0617     543.6900
     551.5557     560.7353     571.2893     583.2604     596.6728
     611.5317     627.8185     645.4815     664.4302     684.5392
     705.6486     727.5652     750.0634     772.8842     795.7343
     818.2877     840.1970     861.0912     880.5619     898.1627
     913.4396     925.9678     935.3868     941.4625     944.1284
     943.4919     939.7744     933.2098     923.9656     912.1026
     897.5696     880.2247     859.8751     836.3554     809.6259
     779.7988     747.0958     711.7945     674.1929     634.5865
     593.2558     550.4606     506.4459     461.4520     415.7209
     369.5176     323.1391     276.9266     231.2748     186.6348
     143.5144     102.4811      64.1559      29.1844       0.0000
       0.0000       0.0000       0.0000       0.0000       0.0000
       0.0000       0.0000       0.0000       0.0000       0.0000
     513.5750     513.6958     513.7960     513.8880     514.0040
     514.1939     514.5247     515.0822     515.9689     517.2946
     519.1698     521.7025     525.0026     529.1891     534.3846
     540.7034     548.2476     557.1050     567.3481     579.0320
     592.1939     606.8513     622.9940     640.5757     659.5103
     679.6752     700.9122     723.0279     745.7940     768.9458
     792.1802     815.1572     837.4953     858.7839     878.5967
     896.4828     911.9813     924.6710     934.2152     940.4016
     943.1589     942.5335     938.6483     931.6415     921.6069
     908.5526     892.3851     872.9199     849.9375     823.2965
     793.0724     759.5852     723.2872     684.6494     644.1141
     602.0852     558.9234     514.9466     470.4354     425.6430
     380.8023     336.1479     291.9262     248.4113     205.9153
     164.7944     125.4487      88.3254      53.9364      22.8147
       0.0000       0.0000       0.0000       0.0000       0.0000
       0.0000       0.0000       0.0000       0.0000       0.0000
       0.0000     512.8516     512.9235     512.9835     513.0427
     513.1310     513.2958     513.5997     514.1183     514.9413
     516.1710     517.9130     520.2722     523.3566     527.2853
     532.1840     538.1749     545.3689     553.8636     563.7415
     575.0686     587.8926     602.2411     618.1097     635.4558
     654.1964     674.2112     695.3427     717.3964     740.1396
     763.3011     786.5706     809.6017     832.0079     853.3674
     873.2295     891.1362     906.6385     919.3234     928.8645
     935.0481     937.7838     937.0740     932.9725     925.5443
     914.8221     900.7708     883.2651     862.0836     836.9393
     807.6207     774.2939     737.5362     698.0475     656.4882
     613.4397     569.4019     524.8043     480.0145     435.3407
     391.0409     347.3294     304.4008     262.4429     221.6554
     182.2634     144.5269     108.7434      75.2565      44.4658
      16.8047       0.0000       0.0000       0.0000       0.0000
       0.0000       0.0000       0.0000       0.0000       0.0000
       0.0000       1.4418     512.4307     512.4689     512.5012
     512.5363     512.6012     512.7402     513.0121     513.4886
     514.2512     515.3905     517.0049     519.1946     522.0651
     525.7341     530.3272     535.9719     542.7868     550.8777
     560.3356     571.2355     583.6343     597.5671     613.0334
     629.9933     648.3666     668.0339     688.8371     710.5787
     733.0226     755.8937     778.8790     801.6302     823.7629
     844.8616     864.4864     882.1830     897.5029     910.0359
     919.4501     925.5169     928.1146     927.2083     922.8019
     914.9055     903.5042     888.5309     869.8441     847.2143
     820.3200     788.8141     752.8987     713.4428     671.3456
     627.4097     582.3372     536.7331     491.1066     445.8738
     401.3662     357.8394     315.4808     274.4355     234.8235
     196.7632     160.3888     125.8639      93.3918      63.2303
      35.6934      11.1412       0.0000       0.0000       0.0000
       0.0000       0.0000       0.0000       0.0000       0.0000
       0.0000       0.0000      16.5859     512.2169     512.2341
     512.2488     512.2673     512.3130     512.4263     512.6620
     513.0873     513.7794     514.8229     516.3079     518.3277
     520.9833     524.3890     528.6682     533.9498     540.3580
     548.0054     556.9902     567.3951     579.2847     592.6994
     607.6417     624.0740     641.9171     661.0513     681.3174
     702.5167     724.4114     746.7256     769.1465     791.3286
     812.8930     833.4352     852.5314     869.7497     884.6649
     896.8770     906.0360     911.8763     914.2310     913.0211
     908.2111     899.7687     887.6411     871.7343     851.8958
     827.9019     799.4523     766.2054     728.4092     687.0431
     643.0892     597.4477     550.9305     504.2501     458.0087
     412.6909     368.6604     326.1670     285.3621     246.3313
     209.1179     173.7538     140.2852     108.7922      79.4031
      52.3058      27.7469       6.0304       0.0000       0.0000
       0.0000       0.0000       0.0000       0.0000       0.0000
       0.0000       0.0000       9.1050      32.0793     512.1296
     512.1354     512.1404     512.1487     512.1793     512.2679
     512.4650     512.8330     513.4443     514.3787     515.7213
     517.5600     519.9908     523.1230     527.0763     531.9767
     537.9514     545.1179     553.5806     563.4282     574.7319
     587.5359     601.8441     617.6198     634.7839     653.2169
     672.7596     693.2132     714.3406     735.8674     757.4839
     778.8502     799.5966     819.3313     837.6483     854.1368
     868.3957     880.0474     888.7509     894.2109     896.2055
     894.5947     889.2961     880.2390     867.3375     850.4748
     829.4907     804.1767     774.2965     739.7170     700.7638
     658.2704     613.2239     566.5867     519.2534     472.0307
     425.6162     380.5726     337.3083     296.0783     256.9978
     220.0868     185.3095     152.6164     121.9745      93.3911
      66.9282      42.7133      20.9405       1.8742       0.0000
       0.0000       0.0000       0.0000       0.0000       0.0000
       0.0000       0.0000       3.1252      24.0603      48.0630
     512.1060     512.1070     512.1079     512.1108     512.1298
     512.1959     512.3542     512.6622     513.1871     514.0036
     515.1917     516.8345     519.0234     521.8647     525.4741
     529.9738     535.4889     542.1404     550.0369     559.2722
     569.9213     582.0305     595.6042     610.6064     626.9589
     644.5428     663.1998     682.7327     702.9067     723.4514
     744.0623     764.4075     784.1285     802.8477     820.1762
     835.7235     849.1085     859.9718     867.9838     872.8455
     874.3006     872.1545     866.2700     856.5383     842.8448
     825.0569     803.0195     776.5659     745.5686     710.0640
     670.4260     627.3831     581.8604     534.8333     487.2527
     440.0039     393.8687     349.4838     307.3043     267.5904
     230.4235     195.7615     163.4933     133.4916     105.6513
      79.9154      56.2901      34.8550      15.7660       0.0000
       0.0000       0.0000       0.0000       0.0000       0.0000
       0.0000       0.0000       0.0000      17.5498      39.6920
      64.6183     512.1036     512.1036     512.1036     512.1043
     512.1151     512.1613     512.2827     512.5311     512.9686
     513.6644     514.6934     516.1336     518.0704     520.6050
     523.8510     527.9281     532.9587     539.0632     546.3525
     554.9235     564.8542     576.1917     588.9411     603.0673
     618.4929     635.1008     652.7347     671.2004     690.2672
     709.6698     729.1117     748.2705     766.7997     784.3366
     800.5095     814.9456     827.2819     837.1743     844.3021
     848.3678     849.1017     846.2712     839.6929     829.2258
     814.7396     796.0974     773.1629     745.8254     714.0569
     677.9980     638.0502     594.8817     549.3524     502.4178
     455.0568     408.2187     362.7700     319.4284     278.6951
     240.8218     205.8344     173.6145     143.9752     116.7234
      91.6983      68.7946      47.9752      29.2805      12.8283
       0.0000       0.0000       0.0000       0.0000       0.0000
       0.0000       0.0000       0.0000      12.8748      32.9511
      56.1019      81.7255     512.1036     512.1036     512.1036
     512.1037     512.1089     512.1387     512.2267     512.4192
     512.7723     513.3502     514.2221     515.4611     517.1461
     519.3716     522.2451     525.8834     530.4064     535.9326
     542.5749     550.4327     559.5864     570.0837     581.9304
     595.0923     609.4940     625.0206     641.5189     658.7988
     676.6352     694.7701     712.9158     730.7607     747.9714
     764.2003     779.0919     792.2909     803.4501     812.2393
     818.3467     821.4780     821.3601     817.7455     810.4169
     799.1992     783.9532     764.5551     740.9017     712.9402
     680.7173     644.4360     604.5103     561.5682     516.4141
     469.9697     423.2185     377.1572     332.7367     290.7719
     251.8219     216.1158     183.5940     154.0401     127.1862
     102.7788      80.6113      60.5418      42.5022      26.5023
      12.6283       1.0438       0.0000       0.0000       0.0000
       0.0000       0.0000       0.0000      10.7222      28.3921
      49.4729      73.3294      99.3473     512.1036     512.1036
     512.1036     512.1036     512.1055     512.1224     512.1820
     512.3243     512.5995     513.0660     513.7875     514.8317
     516.2712     518.1928     520.6970     523.8941     527.8998
     532.8303     538.7972     545.9025     554.2299     563.8287
     574.7067     586.8317     600.1305     614.4916     629.7660
     645.7690     662.2823     679.0564     695.8135     712.2538
     728.0579     742.8931     756.4205     768.3009     778.2027
     785.8088     790.8170     792.9379     791.8989     787.4488
     779.3610     767.4391     751.5315     731.5318     707.3746
     679.0582     646.6842     610.4946     570.9079     528.5215
     484.0920     438.5003     392.7148     347.7565     304.6534
     264.3420     227.4673     194.2103     164.3794     137.6423
     113.6560      92.1202      72.7974      55.5218      40.2031
      26.8281      15.4587       6.2328       0.0000       0.0000
       0.0000       0.0000       1.9360      12.2630      27.0299
      45.6024      67.3048      91.4930     117.5590     512.1036
     512.1036     512.1036     512.1036     512.1040     512.1121
     512.1489     512.2480     512.4535     512.8177     513.3987
     514.2587     515.4637     517.0925     519.2380     522.0034
     525.4977     529.8324     535.1162     541.4510     548.9234
     557.5858     567.4490     578.4844     590.6226     603.7570
     617.7440     632.4058     647.5322     662.8831     678.1920
     693.1718     707.5170     720.9105     733.0289     743.5493
     752.1548     758.5414     762.4177     763.5015     761.5255
     756.2411     747.4247     734.8824     718.4592     698.0566
     673.6429     645.2593     613.0474     577.2742     538.3583
     496.8714     453.5284     409.1662     364.7208     321.2060
     279.6925     241.2505     206.6741     176.0480     148.9931
     125.0749     103.9039      85.1558      68.5767      53.9863
      41.2787      30.4235      21.4639      14.5172       9.7722
       7.4864       7.9842      11.6541      18.9426      30.2931
      45.7398      64.7282      86.5923     110.6931     136.4341
     512.1036     512.1036     512.1036     512.1036     512.1036
     512.1065     512.1264     512.1903     512.3358     512.6090
     513.0622     513.7519     514.7378     516.0903     517.8942
     520.2449     523.2449     526.9990     531.6110     537.1799
     543.7927     551.5054     560.3334     570.2527     581.1996
     593.0732     605.7373     619.0221     632.7266     646.6218
     660.4531     673.9467     686.8116     698.7460     709.4426
     718.5939     725.8983     731.0654     733.8162     733.8795
     730.9968     724.9283     715.4594     702.4079     685.6331
     665.0483     640.6400     612.4828     580.7485     545.7211
     507.8174     467.5882     425.7129     382.9870     340.3062
     298.6522     259.0818     222.7200     190.5735     162.5638
     138.1573     116.8830      98.3372      82.1857      68.1650
      56.0841      45.8245      37.3414      30.6619      25.8859
      23.1832      22.7915      25.0118      30.1996      38.7320
      50.8975      66.6727      85.6519     107.2536     130.8732
     155.9353     512.1036     512.1036     512.1036     512.1036
     512.1036     512.1042     512.1130     512.1500     512.2462
     512.4413     512.7814     513.3175     514.1032     515.2005
     516.6854     518.6455     521.1758     524.3746     528.3403
     533.1669     538.9387     545.7131     553.5107     562.3135
     572.0644     582.6703     594.0032     605.9026     618.1782
     630.6128     642.9647     654.9741     666.3648     676.8508
     686.1409     693.9434     699.9725     703.9525     705.6188
     704.7140     700.9927     694.2278     684.2190     670.7997
     653.8480     633.2980     609.1544     581.5096     550.5573
     516.5944     480.0359     441.4155     401.3844     360.7026
     320.2285     280.9081     243.7638     209.8683     180.0778
     154.3853     132.3083     113.3721      97.1647      83.3428
      71.6330      61.8330      53.8120      47.5105      42.9399
      40.1815      39.3838      40.7578      44.5680      51.1114
      60.6697      73.4150      89.2907     107.9814     129.0087
     151.8344     175.9239     512.1036     512.1036     512.1036
     512.1036     512.1036     512.1036     512.1063     512.1247
     512.1826     512.3134     512.5569     512.9583     513.5654
     514.4323     515.6257     517.2248     519.3170     521.9938
     525.3476     529.4678     534.4352     540.3057     547.1022
     554.8129     563.3890     572.7457     582.7650     593.2968
     604.1624     615.1572     626.0536     636.6063     646.5545
     655.6283     663.5529     670.0533     674.8597     677.7128
     678.3639     676.5721     672.1083     664.7618     654.3491
     640.7227     623.7800     603.4762     579.8359     552.9675
     523.0760     490.4671     455.5536     418.8551     380.9979
     342.7094     304.8088     268.1932     233.8093     202.5665
     175.0958     151.4901     131.4398     114.5264     100.3498
      88.5642      78.8889      71.1107      65.0861      60.7403
      58.0669      57.1257      58.0383      60.9807      66.1686
      73.8308      84.1628      97.2574     113.0378     131.2446
     151.4849     173.2948     196.1954     512.1036     512.1036
     512.1036     512.1036     512.1036     512.1036     512.1040
     512.1110     512.1415     512.2220     512.3862     512.6731
     513.1253     513.7891     514.7221     515.9946     517.6859
     519.8806     522.6648     526.1230     530.3325     535.3483
     541.1935     547.8600     555.3061     563.4567     572.2040
     581.4099     590.9083     600.5079     609.9959     619.1422
     627.7021     635.4224     642.0449     647.3120     650.9710
     652.7794     652.5064     649.9296     644.8384     637.0407
     626.3726     612.7059     595.9586     576.1050     553.1875
     527.3278     498.7382     467.7265     434.7031     400.1730
     364.7362     329.0821     293.9777     260.2450     228.7134
     200.1216     174.9624     153.3692     135.1691     120.0403
     107.6285      97.6051      89.6913      83.6688      79.3828
      76.7438      75.7258      76.3641      78.7488      83.0149
      89.3255      97.8447     108.6985     121.9249     137.4354
     155.0085     174.3164     194.9641     216.5326     512.1036
     512.1036     512.1036     512.1036     512.1036     512.1036
     512.1036     512.1052     512.1183     512.1622     512.2643
     512.4578     512.7795     513.2693     513.9755     514.9591
     516.2912     518.0489     520.3121     523.1599     526.6661
     530.8849     535.8408     541.5275     547.9085     554.9173
     562.4568     570.4008     578.5965     586.8671     595.0148
     602.8257     610.0716     616.5162     621.9192     626.0403
     628.6448     629.5077     628.4172     625.1709     619.5781
     611.4672     600.6940     587.1508     570.7746     551.5578
     529.5576     504.9059     477.8184     448.5982     417.6441
     385.4461     352.5756     319.6762     287.4494     256.6253
     227.9107     201.9080     179.0199     159.3934     142.9424
     129.4358     118.5816     110.0855     103.6842      99.1614
      96.3562      95.1660      95.5455      97.5042     101.0989
     106.4226     113.5882     122.7041     133.8425     147.0034
     162.0918     178.9131     197.1899     216.5872     236.7440
     512.1036     512.1036     512.1036     512.1036     512.1036
     512.1036     512.1036     512.1037     512.1075     512.1275
     512.1843     512.3049     512.5207     512.8660     513.3802
     514.1150     515.1326     516.5026     518.2980     520.5925
     523.4563     526.9431     531.0783     535.8589     541.2527
     547.1995     553.6120     560.3762     567.3525     574.3788
     581.2729     587.8369     593.8600     599.1234     603.4044
     606.4811     608.1370     608.1653     606.3736     602.5802
     596.6155     588.3284     577.5953     564.3276     548.4805
     530.0621     509.1415     485.8573     460.4253     433.1399
     404.3811     374.6103     344.3640     314.2383     284.8652
     256.8818     230.8853     207.3732     186.6838     168.9645
     154.1826     142.1780     132.7197     125.5559     120.4474
     117.1886     115.6176     115.6221     117.1399     120.1553
     124.6932     130.8078     138.5681     148.0381     159.2485
     172.1722     186.7108     202.6906     219.8749     237.9795
     256.6972
/