PERMX
     498.2271     476.7332     443.9997     400.5009     351.2762
     306.3237     278.3387     277.9742     308.7525     364.5962
     431.8100     494.6095     541.1639     566.9980     574.6619
     570.8055     562.8023     556.4900     555.3846     560.8907
     572.8949     590.3882     612.0010     636.3688     662.2862
     688.7142     714.8754     740.5607     766.2899     792.6933
     818.8751     840.6866     850.6718     840.7543     806.6985
     751.5162     685.2626     621.0179     569.5474     535.7371
     518.4144     493.8368     468.6812     430.7971     381.3147
     326.9428     280.2090     256.3981     267.5444     316.2529
     393.0669     479.5124     555.4406     606.6804     629.0272
     627.3624     611.5414     591.8954     576.3351     569.4712
     573.0714     587.0128     610.1917     641.1584     678.3437
     719.9063     763.4782     806.3176     846.1000     881.7294
     913.0579     938.9610     954.9794     952.9934     924.5031
     866.2202     784.1571     692.8470     609.6269     547.5563
     511.1459     496.8216     492.0924     465.7966     426.8080
     377.1392     324.9790     284.6365     272.7449     301.3182
     370.9520     468.4059     570.7903     654.4797     703.9744
     716.1570     698.7521     665.0969     628.6396     599.4747
     583.3817     582.5346     596.8486     625.2179     666.2368
     718.1807     778.3780     842.5535     905.0291     960.1763
    1004.1984    1035.5494    1053.0024    1052.7595    1027.7263
     971.0206     882.1596     771.2903     657.4918     561.3875
     496.7130     465.9090     461.7177     493.5858     469.1282
     433.6686     390.1740     347.8191     321.5410     327.7346
     376.9189     466.9366     581.0884     693.2859     777.9412
     819.3885     816.0816     778.4930     723.1196     666.2952
     620.2691     592.0929     584.4631     597.3941     629.7884
     680.2615     746.8610     825.9040     910.8478     992.5063
    1061.2109    1109.7257    1134.6558    1134.8612    1108.2972
    1050.8252     959.4514     838.2996     702.2470     574.0543
     475.6865     419.3182     403.5612     416.5932     497.9213
     477.7969     449.5829     417.0402     389.6099     381.5865
     407.6578     475.8100     581.1150     704.5770     818.7982
     898.0059     927.2996     906.5715     848.1931     770.8571
     693.1682     629.3870     588.0004     572.4316     582.8481
     618.0068     676.2527     755.1142     849.7458     951.3956
    1047.5809    1124.7954    1172.4232    1185.1941    1162.2560
    1104.1116    1011.0321     885.5578     737.4057     585.8165
     455.4704     367.2152     329.5104     336.0171     370.3699
     503.8923     489.3731     470.0721     450.1632     438.5691
     447.8748     490.1090     570.4390     681.9485     805.1180
     913.3786     982.3964     998.5044     962.3011     886.6314
     790.9745     695.3276     615.7358     562.3281     539.5291
     547.6846     585.0582     649.1151     736.3098     840.5089
     951.2880    1053.9917    1132.5999    1174.1620    1172.0482
    1125.8340    1038.7241     915.7740     765.3751     602.4872
     449.2780     330.0632     262.3003     249.4076     280.1447
     334.7497     510.0480     500.9890     489.9947     481.1532
     482.2033     503.3806     553.7792     636.1890     743.0016
     856.0691     951.5247    1007.6300    1011.9780     964.8543
     878.0104     770.2251     661.9370     570.6978     508.4811
     481.0089     488.7997     529.1182     597.6886     689.1310
     795.9235     906.8801    1006.9933    1079.9010    1112.1138
    1096.5615    1033.2637     927.5610     788.4442     629.0086
     467.8001     327.7280     230.5022     188.7040     200.6048
     251.3432     319.8080     515.3257     510.5313     505.6198
     504.1232     512.1871     537.5455     586.6683     660.8447
     753.1219     848.2217     926.1948     968.4596     963.6345
     910.7884     819.3289     706.1293     591.2393     493.4190
     426.6263     398.1272     408.5594     453.6115     526.3280
     618.7206     721.8887     825.0162     914.8264     977.0150
     999.4953     975.6959     905.9021     796.5156     658.7836
     508.4029     365.1260     250.2711     181.2323     165.2288
     196.3514     258.1840     330.6555     519.4523     517.3207
     515.6917     517.2102     526.3188     548.5081     588.2992
     646.4589     717.7241     790.5030     849.1838     878.3470
     867.3094     813.3678     722.8890     610.1111     494.1000
     394.5233     327.3224     301.3860     317.3053     368.6247
     444.9493     535.2429     629.6027     718.9132     793.5770
     843.2868     858.7015     834.1816     769.7980     671.7782
     551.8242     426.0532     313.1609     230.9844     191.6152
     197.1767     239.0343     301.3617     367.2585     523.0300
     522.1379     521.2813     522.0524     527.3309     540.8918
     566.1425     604.2169     652.1746     702.2872     743.0431
     761.7609     748.0840     697.2928     612.5065     505.0475
     392.6428     295.5365     231.3972     210.4710     232.9034
     289.6031     366.4627     449.7558     529.7416     600.6984
     658.3170     697.2391     710.9580     694.1800     645.8282
     570.8716     480.2451     389.1087     313.7118     267.3369
     256.3735     278.2988     322.9301     376.5685     426.9441
     527.3990     526.8511     524.9758     522.2670     520.3318
     521.8870     530.1026     547.2665     573.1326     603.6478
     630.7901     643.9210     632.5405     589.7631     515.4929
     418.1273     313.8523     223.0575     164.5060     149.0378
     175.6365     232.2641     301.6312     368.9062     426.8326
     475.2966     516.4320     549.4537     569.0974     568.4657
     543.8453     498.2469     441.7389     388.6284     352.7511
     342.7429     359.1682     394.8262     438.1374     477.9080
     507.0704     534.3592     533.9105     530.0236     522.0967
     510.8065     498.4975     488.9632     486.3752     493.4788
     509.6276     529.5856     543.9355     541.4178     512.7172
     454.5331     372.3944     280.7803     199.6478     147.8378
     135.5616     159.7314     205.4424     253.7838     291.7614
     318.0324     340.6076     368.4779     403.4968     438.2607
     460.9755     463.3882     446.4985     420.9135     402.1107
     403.3065     429.4549     475.1757     527.5344     572.0770
     598.8892     605.6318     545.6884     545.7261     539.5846
     525.5817     503.7995     476.8495     449.9287     429.7479
     422.3192     430.1830     450.2531     473.5157     487.2289
     479.2027     442.7865     380.6203     305.2787     235.6245
     189.4056     174.8971     186.2585     206.4820     217.6018
     212.3163     198.9531     195.6232     217.2777     264.8307
     323.9398     373.8767     400.0864     402.5154     395.3955
     399.3927     430.6975     492.5914     573.5312     652.5636
     708.9921     731.1172     719.6674     562.3696     563.7795
     555.8398     535.8337     503.5580     462.4171     419.5966
     384.7870     367.4001     372.9309     399.9077     439.0242
     475.3759     493.3888     482.7900     443.2118     385.1158
     325.7247     280.8148     255.9621     242.6935     223.5471
     184.6435     128.0568      74.4280      52.1386      79.3181
     151.0569     240.9028     315.6606     353.7716     356.3941
     345.8597     353.4335     403.1043     499.2547     623.9488
     745.0602     830.8211     863.1477     843.0604     583.6675
     587.5485     578.8620     553.9868     512.7123     459.5695
     403.9742     358.6235     336.1106     344.4881     383.4294
     442.8735     505.3421     551.5498     567.3900     549.3699
     505.7200     451.8227     401.3296     357.4303     310.3026
     244.4177     152.8612      49.1895      10.0000      10.0000
      10.0000      93.5144     214.1804     303.0517     332.7932
     309.1738     267.3943     254.5583     307.0908     433.2918
     608.8333     787.4623     921.4725     981.4498     965.3755
     606.5633     613.7869     605.7324     578.1306     530.9921
     470.0395     406.6983     356.1441     333.4396     348.5241
     401.7839     482.2712     570.0157     642.1741     680.9294
     679.7385     644.6792     589.5287     526.4833     457.7664
     374.4422     265.4312     132.4171      10.0000      10.0000
      10.0000      10.0000     124.5442     267.7318     353.0602
     350.7658     274.7905     176.3649     121.1897     160.5607
     308.5238     534.9510     778.3354     972.3640    1072.9774
    1072.2988     626.1823     636.9297     630.7790     603.1876
     554.5296     491.4785     426.7745     377.0088     358.5421
     382.2762     448.9299     546.9141     654.4739     746.0618
     800.8631     809.7340     776.9108     715.0707     636.0645
     543.0688     430.4071     293.2111     141.4729      10.0000
      10.0000      10.0000      83.6554     255.8438     406.2596
     469.1902     417.0325     274.0106     106.8888      10.0000
      12.3570     169.4091     434.9341     734.4424     984.7253
    1127.3783    1147.5093     637.4038     650.9178     647.3989
     622.4569     576.8531     517.7043     458.0309     414.4520
     403.2134     435.1543     511.0378     619.2177     737.4385
     839.0193     901.5273     914.1133     879.6387     810.1122
     717.9173     608.6476     481.3792     337.7411     193.8305
      84.4000      51.3772     119.8480     275.9391     463.2651
     603.6459     632.1119     527.3594     323.0556      96.2753
      10.0000      10.0000      73.8174     353.7009     682.2030
     966.1761    1137.6260    1175.7151     637.0139     651.7445
     650.8283     630.4033     591.5213     541.0981     491.3151
     457.4363     454.2574     491.6369     570.2199     679.0769
     797.0579     898.3724     960.8274     973.0861     937.1148
     864.3141     767.7017     655.5716     531.7189     402.9365
     288.0380     219.2853     230.3114     334.7087     508.6991
     691.8778     809.1835     803.5370     661.9890     423.4586
     166.1921      10.0000      10.0000      64.8569     325.4766
     642.4570     923.6394    1099.5953    1146.3756     625.1874
     639.2973     640.3157     625.1490     594.9659     555.8787
     518.3103     495.1163     498.6749     537.2280     611.2590
     711.3004     818.8351     910.9603     967.6292     978.2799
     944.3579     876.2986     787.0157     686.5342     581.9018
     482.6377     406.7831     380.4158     426.7354     549.0953
     719.1586     880.6840     969.8569     942.2963     792.7340
     558.9437     309.9115     123.7984      62.1333     147.7502
     354.8730     617.9634     857.6212    1011.8802    1056.9534
     605.3791     617.3517     619.3565     609.1378     587.7980
     560.2451     534.6266     520.8668     528.4825     563.8251
     627.2487     711.2548     801.0164     877.9763     925.6968
     935.3900     908.2133     853.0977     781.7036     704.1382
     628.5273     564.4609     526.5432     533.0223     597.2761
     715.9901     862.3002     990.8477    1054.1229    1021.9462
     893.9883     700.4950     492.7677     328.0368     252.4423
     285.8903     413.8944     591.8293     762.0531     876.6877
     914.3465     582.7057     591.7514     593.8972     587.6474
     573.9065     556.2520     540.4956     533.6539     542.4504
     571.4043     620.7984     685.2564     754.0061     813.4348
     851.4052     861.4326     844.5223     807.7106     760.4451
     711.3870     667.7507     637.1280     629.2788     654.7682
     719.3876     817.1688     927.2951    1018.7920    1061.6462
    1038.4711     950.5193     816.3143     665.4947     531.3771
     443.3003     418.7833     457.1160     538.3478     630.3688
     701.8303     734.1313     561.8430     567.9492     569.7175
     566.2466     558.1912     547.9162     539.2007     536.5838
     544.4291     565.7135     600.6967     645.9423     694.4347
     737.2455     766.4217     777.8189     772.3782     755.1945
     733.1066     712.4573     698.3316     695.2503     707.9308
     740.4901     793.6962     861.8841     932.2584     988.1906
    1015.0851    1005.2570     958.9484     882.0435     783.5748
     675.3412     572.4617     491.7438     446.4677     440.2390
     464.6500     503.0860     538.4943     545.5897     549.2812
     550.4983     548.7479     544.4510     539.0253     534.7086
     534.1865     540.0634     554.1669     576.7645     605.9697
     637.7993     667.1669     689.6172     703.0156     708.2858
     708.8165     708.9654     712.5819     722.2576     739.3463
     764.2384     796.3026     833.4125     871.5977     905.5982
     930.4534     943.0204     941.8491     925.0011     887.7850
     823.5030     728.4561     608.3945     481.1201     371.7390
     302.3104     282.2096     305.0554     353.5275     534.6157
     536.6178     537.3405     536.5391     534.4556     531.8602
     529.9603     530.2111     534.0505     542.5470     555.9996
     573.6378     593.6702     613.8215     632.2282     648.2586
     662.7858     677.7729     695.4106     717.2446     743.5724
     773.1755     803.4213     830.7857     851.8489     864.5402
     869.1671     868.5470     866.5668     865.0359     859.9672
     839.8854     788.9108     694.9915     559.5317     402.0743
     255.5065     153.0574     114.2860     137.9676     205.3182
     528.1131     529.0885     529.4647     529.1318     528.2147
     527.0934     526.3629     526.7513     529.0098     533.7708
     541.3946     551.8751     564.9031     580.1149     597.4177
     617.1678     640.0453     666.6867     697.2698     731.1988
     766.8536     801.3665     830.6812     850.2830     856.7691
     849.6898     832.5958     812.2564     795.7205     785.9227
     777.7032     756.8814     704.5781     606.5488     463.5129
     296.1447     140.1233      32.3249      10.0000      29.3934
     114.0872     524.7061     525.1333     525.3066     525.1814
     524.8160     524.3816     524.1495     524.4667     525.7308
     528.3710     532.8496     539.7038     549.6340     563.5735
     582.6144     607.6863     639.0483     675.8771     716.2103
     757.2648     795.8015     828.2369     850.6769     859.4050
     852.1953     829.9622     797.5878     762.8183     733.0653
     711.1049     691.6618     661.1766     602.3351     502.7840
     364.3347     207.1369      64.8317      10.0000      10.0000
      10.0000      87.7144     523.1198     523.2883     523.3593
     523.3169     523.1862     523.0391     522.9953     523.2269
     523.9800     525.6293     528.7772     534.3917     543.9204
     559.2419     582.2850     614.2737     654.8290     701.4492
     749.7932     794.7419     831.6171     856.8344     867.8809
     863.1827     842.5528     808.1335     764.9189     719.8036
     678.9703     644.4951     611.8958     570.3817     506.8086
     412.6629     291.0960     159.7878      46.6373      10.0000
      10.0000      25.5348     118.2451     522.4614     522.5212
     522.5473     522.5347     522.4938     522.4552     522.4762
     522.6613     523.2111     524.5229     527.3571     533.0439
     543.6238     561.7112     589.8664     629.4549     679.3702
     735.3860     790.7601     838.0747     871.3861     887.4821
     885.7609     867.2983     834.1823     789.5781     737.9889
     684.7337     634.3000     588.1483     543.2650     492.6547
     428.2818     345.8453     249.3073     152.4214      75.3340
      36.9667      46.8973     101.1677     184.3432     522.2172
     522.2363     522.2450     522.2421     522.2324     522.2310
     522.2734     522.4440     522.9411     524.2071     527.1392
     533.3450     545.3028     566.1662     598.9518     645.1010
     702.9003     766.7250     827.9037     877.1974     907.7121
     916.6288     904.9507     875.8543     833.0842     780.3422
     721.4429     660.2830     600.1032     542.3246     485.8800
     427.7449     364.7785     296.3610     226.6195     164.8586
     123.2372     112.1533     135.5007     188.4285     259.0046
     522.1361     522.1417     522.1443     522.1442     522.1442
     522.1543     522.2033     522.3704     522.8586     524.1387
     527.1824     533.7421     546.5228     568.9584     604.3063
     654.0607     716.2211     784.4869     849.2612     900.4493
     930.7226     937.4171     922.1342     888.6975     841.1403
     782.9112     717.1624     647.1012     575.7710     505.4227
     437.2251     371.6960     309.6425     253.1448     206.0439
     173.6283     161.3082     172.5003     206.5988     258.2225
     318.4493     522.1120     522.1135     522.1143     522.1149
     522.1174     522.1301     522.1785     522.3373     522.8032
     524.0372     526.9963     533.4105     545.9535     568.0251
     602.8650     652.0004     713.5604     781.5016     846.5945
     899.1216     931.9573     942.2520     930.8947     900.5257
     853.8113     793.0800     720.9919     641.0620     557.4029
     473.9795     394.2242     321.2896     258.4796     209.3263
     177.1180     164.2385     171.5761     198.0456     240.2497
     292.5655     347.9924     522.1055     522.1059     522.1062
     522.1069     522.1097     522.1215     522.1646     522.3045
     522.7156     523.8085     526.4367     532.1459     543.3320
     563.0587     594.2916     638.5536     694.4668     757.0857
     818.7189     871.1425     908.0147     926.0171     924.2164
     902.5495     861.0037     800.1951     722.5961     632.9985
     537.6812     442.9235     354.0811     275.6252     211.5410
     165.3566     139.5806     135.1012     150.9718     184.5445
     231.6421     286.7562     343.5778     522.1040     522.1041
     522.1042     522.1048     522.1072     522.1168     522.1514
     522.2636     522.5936     523.4720     525.5873     530.1893
     539.2244     555.2062     580.6349     616.9686     663.5105
     716.8938     771.6479     821.6948     861.8248     888.1346
     897.3448     886.0203     850.9897     791.1072     709.0795
     611.6837     507.9930     406.7122     314.3899     235.2427
     171.9744     126.5714     100.4786      94.4355     108.2760
     140.6804     188.7306     247.5262     310.4486     522.1036
     522.1037     522.1038     522.1042     522.1060     522.1130
     522.1380     522.2195     522.4590     523.0975     524.6366
     527.9911     534.5953     546.3301     565.1398     592.3464
     627.9053     670.0491     715.5790     760.6131     801.1177
     832.6815     849.8605     846.1831     815.7864     756.2779
     671.0546     569.1757     462.5302     361.8408     273.8741
     201.0722     143.1263      99.1438      69.1925      54.8548
      58.7579      83.1784     128.1237     189.8448     260.8612
     522.1036     522.1036     522.1036     522.1039     522.1051
     522.1097     522.1261     522.1795     522.3366     522.7557
     523.7676     525.9786     530.3491     538.1652     550.8269
     569.4549     594.4639     625.3378     660.6898     698.4003
     735.4102     767.0273     786.3657     785.0006     755.5121
     695.1037     608.2002     505.9689     402.5636     309.9438
     234.1512     174.7957     127.5135      87.7611      54.0078
      29.1277      19.5054      32.1243      70.7850     133.2969
     211.2851     522.1036     522.1036     522.1036     522.1038
     522.1044     522.1072     522.1169     522.1484     522.2415
     522.4900     523.0913     524.4099     527.0309     531.7618
     539.5378     551.2393     567.4871     588.5082     614.0406
     643.0806     673.2429     699.8536     715.5283     711.2416
     679.3284     617.4005     530.9741     432.7090     338.0569
     259.2829     201.0729     159.9297     127.4136      95.3963
      60.7566      27.5267      10.0000      10.0000      37.0722
      97.4073     178.4495     522.1036     522.1036     522.1036
     522.1037     522.1041     522.1055     522.1107     522.1276
     522.1773     522.3104     522.6335     523.3457     524.7728
     527.3812     531.7527     538.5225     548.3029     561.6014
     578.6477     598.9648     620.5844     639.1452     647.6235
     637.5662     602.1144     539.7830     456.8964     366.6667
     284.6660     222.5877     183.5766     161.5962     145.1444
     123.4313      92.0533      55.6295      26.2047      18.0144
      40.9635      95.9487     174.3669     522.1036     522.1036
     522.1036     522.1036     522.1038     522.1045     522.1070
     522.1151     522.1392     522.2036     522.3608     522.7098
     523.4167     524.7310     526.9893     530.6095     536.0725
     543.8648     554.2891     567.0179     580.3600     590.5029
     591.3760     575.8468     538.4367     478.6458     403.0449
     324.3233     257.0056     211.5135     189.6527     184.0075
     181.7144     170.8215     146.2090     112.3544      81.6689
      69.0749      85.3224     132.2384     202.1915     522.1036
     522.1036     522.1036     522.1036     522.1037     522.1040
     522.1050     522.1086     522.1191     522.1473     522.2167
     522.3721     522.6917     523.2991     524.3752     526.1690
     528.9969     533.1973     538.9615     545.9562     552.7380
     556.1906     551.4829     533.0977     497.0551     443.6071
     378.9108     314.1599     261.8806     230.7589     221.6640
     227.1139     234.7040     232.9275     216.6275     189.5456
     162.8011     149.9659     161.0450     198.2248     255.3694
     522.1036     522.1036     522.1036     522.1036     522.1036
     522.1038     522.1042     522.1055     522.1097     522.1209
     522.1487     522.2118     522.3441     522.6026     523.0770
     523.9006     525.2505     527.3103     530.1376     533.3846
     535.8810     535.2542     527.9427     509.9967     478.7521
     434.8532     383.4984     333.7308     295.5056     275.5686
     274.2589     285.0747     297.4752     301.6547     293.0237
     274.2997     254.2747     243.8424     251.1771     278.3478
     320.8983
/