1             1             8935.4   25775.5                808.100
1             2             9158.7   25559.3                361.100
1             3             8767.1   27168.7                724.300
1             4             9156.0   26564.0                1159.000
1             5             8787.2   29198.3                348.400
1             6             9107.9   28882.5                875.200
1             7             9398.4   28423.0                872.700
1             8             9734.6   28094.8                353.700
1             9             10050.1                27644.4                148.900
1             10           10427.0                27267.7                85.400
1             11           10687.9                26877.6                30.900
1             12           10876.7                26660.8                618.400
1             13           11583.6                25786.2                622.200
1             14           11899.5                25374.5                8.900
1             15           10547.3                29035.0                337.400
1             16           10944.4                28326.0                963.400
1             17           11453.4                27689.1                699.200
1             18           11911.8                27071.9                846.700
1             19           12935.5                25863.5                117.400
1             20           13486.6                25300.3                12.100
1             21           10836.8                29895.2                637.800
1             22           9866.9   25657.4                352.500
1             23           10434.8                25524.3                537.600
1             24           10843.8                25649.7                19.200
1             25           10881.1                25264.7                885.700
1             26           13624.1                26450.1                213.200
1             27           13100.2                27015.5                789.400
1             28           12612.1                27650.8                910.100